2000 2247
1524 1546
217 1669
1504 1007
1389 1385
763 807
1827 370
511 912
938 939
329 771
1714 1770
1453 1456
1375 1376
663 659
1984 118
652 1861
342 1549
207 208
162 164
1154 1158
70 71
1027 1028
1334 1335
1859 718
1952 811
656 1690
1574 42
1392 1774
751 750
319 318
55 84
1497 1648
465 1563
788 1517
821 1397
1455 1456
1766 337
1235 1236
1514 1516
1409 1895
174 176
1516 1518
365 364
1887 985
130 186
758 1319
856 1908
1166 1624
1498 1495
1938 1513
547 1674
752 1758
737 1993
1431 1432
1523 1521
637 638
902 1258
660 1753
306 302
1076 1080
1071 1776
1439 1441
1773 545
1686 820
1485 1110
1274 1275
1036 1037
1540 95
449 431
454 453
1162 45
562 1731
1782 1387
585 1806
729 425
779 1781
1691 1775
1968 52
623 624
428 564
205 454
879 1103
53 1968
1263 573
381 382
1393 1774
595 1039
1551 46
1048 1051
394 268
1209 1213
809 813
254 193
733 1544
691 692
1651 447
1088 519
578 1975
159 1959
329 307
1638 1190
40 43
1306 1307
269 266
1909 791
891 1928
238 1808
15 70
1174 1175
745 1852
537 934
172 1864
789 1740
755 852
1863 1309
684 871
1484 1482
719 836
890 889
581 887
587 586
945 1982
805 808
1187 1145
626 627
606 605
728 179
1464 1900
898 1831
1287 1631
1815 1964
782 783
33 12
489 490
1388 828
1245 1323
1746 36
867 1727
1263 571
1086 614
1172 1173
502 1751
68 1931
1290 1291
1225 1946
1080 1079
368 371
232 223
1324 1323
643 642
473 472
1351 1352
1282 1700
316 1655
10 80
867 842
610 1583
361 1972
882 883
1896 476
458 1222
985 1252
282 283
49 214
1338 1337
231 910
229 228
1985 150
278 1994
1926 252
943 1290
700 1870
1962 1874
1176 1837
922 921
595 592
664 800
1889 621
696 212
1912 886
988 1862
1336 1339
1521 1520
252 926
493 495
323 304
1944 1641
1160 1161
582 1297
507 1890
1648 1496
568 565
738 739
1893 753
819 1397
156 362
740 742
1484 1480
1097 1098
1149 255
240 239
1376 740
885 884
999 469
1202 773
1699 482
296 297
888 891
362 360
403 1613
470 999
1101 1102
1388 1389
1179 1180
953 1872
1118 1115
472 447
1417 1419
1206 1208
626 1681
798 1720
1666 1848
313 312
1897 1027
1474 478
537 535
1538 897
1941 536
673 635
1219 1220
741 742
414 416
363 365
730 694
495 494
644 645
71 1931
1277 1826
923 927
354 355
328 132
462 461
1205 1208
695 696
1466 1467
441 1650
146 147
154 155
1764 332
1922 1786
20 194
496 1105
1259 1768
975 1384
404 1613
1876 533
423 947
88 194
1137 1133
1085 1086
667 668
1823 1957
591 1015
1000 998
91 1279
51 52
215 1669
1179 339
1224 1902
1943 1844
1268 1214
442 441
1089 1092
1549 341
1445 1271
635 636
1216 1268
308 100
597 596
846 848
1034 1035
792 1327
1674 1701
178 177
1203 1199
123 127
1624 1165
1293 1812
618 1512
1454 1950
1229 306
247 285
501 1824
661 1757
907 909
1237 1733
64 1709
644 1522
1486 1489
166 165
671 1730
8 7
677 675
466 1563
227 224
1462 1558
264 110
186 204
1526 1525
744 971
461 460
251 254
1458 1460
259 258
1086 612
919 1579
1284 1901
1969 699
1111 1110
1694 1675
1122 1646
1467 1184
1639 223
1013 1012
951 950
16 13
1239 1238
234 233
1024 1025
781 1478
1326 1930
1105 1713
333 761
1390 1393
1163 1160
1716 1571
487 490
1120 1122
1495 1497
1444 1445
11 49
204 201
485 1307
204 1350
774 772
1756 873
293 295
640 23
1045 1248
111 110
1485 1961
1333 1615
635 1858
135 136
1232 1234
290 189
199 200
81 152
1131 805
551 766
202 203
926 927
1312 1308
1234 1233
387 1908
595 594
1849 982
579 578
947 946
1847 630
405 1167
1267 1268
534 1876
1300 1301
1539 1540
1038 1037
96 406
1013 905
799 798
434 433
1588 865
1865 329
1429 1428
20 8
622 621
84 83
994 1638
1759 998
758 1592
1179 336
1413 1412
128 129
460 463
203 1575
939 1455
1300 1468
373 376
247 1800
523 1841
209 242
966 497
768 769
743 1852
860 938
555 557
996 998
405 406
1545 1012
942 941
1639 1804
1816 716
829 830
24 1570
579 576
674 676
1075 384
780 779
328 327
633 1285
1407 1410
1825 1503
585 583
142 15
925 927
1976 303
907 906
1204 1919
868 872
861 858
309 1879
558 521
632 631
1405 1406
130 131
1287 1451
1132 1131
1726 1490
63 1709
135 238
158 1959
770 1502
746 231
944 945
395 396
1043 1047
689 690
464 1981
978 378
188 290
1415 1414
837 1382
346 366
163 358
899 1778
1070 1670
501 504
912 513
1471 1603
370 427
894 895
774 1676
1346 1819
961 873
831 833
1152 1150
1158 1156
416 415
1254 1358
217 1685
79 1633
524 30
628 1441
1750 216
1439 1440
1260 1261
217 218
1711 1129
475 1892
400 250
710 589
1344 1342
339 1766
65 1599
653 652
1281 932
983 487
162 1829
296 431
382 160
1718 1089
1900 1463
1061 1949
1509 210
1820 1356
984 983
832 831
756 757
1089 1091
1136 550
187 1098
1923 1375
1655 312
26 62
218 103
646 79
1785 1043
1399 1940
1360 1364
253 608
500 1824
1312 1311
1270 1612
591 662
592 1739
728 727
1276 1278
567 1763
892 893
154 276
1155 1156
1595 566
1392 1391
865 1194
1210 1211
1031 1035
1698 1300
421 422
856 1102
245 1800
1679 1026
1814 810
1237 1239
761 762
24 22
1657 1407
722 1883
1247 1246
1060 1061
717 639
118 117
1621 784
545 547
1124 1125
1060 1587
316 1534
1011 1010
687 686
292 444
767 765
1315 1313
1992 51
144 143
616 620
573 569
521 522
74 1636
1788 114
1720 797
403 415
353 354
1229 304
55 1992
160 161
1772 1140
1280 1279
1566 1361
1950 1452
260 885
1482 1562
185 182
1591 1748
1395 1396
108 106
1002 1005
996 997
1389 1782
483 392
1034 659
1162 126
745 1693
42 1197
919 1842
1499 264
1167 1965
787 788
49 66
1626 1584
383 384
522 277
1458 1703
1052 1118
1212 1109
849 1561
1542 1099
1159 1163
589 590
1152 1153
1749 838
335 1619
1790 955
1780 1145
1250 1877
825 828
1352 1999
900 899
613 612
852 851
1241 1989
410 1088
493 1880
338 337
1314 1317
748 1024
522 279
690 1867
1436 1437
1660 1178
957 953
238 26
1488 1487
1911 1185
29 27
1615 1332
1522 407
865 866
455 896
1154 1155
1531 1946
1409 1410
1125 1073
70 420
104 103
1188 1187
531 932
472 448
294 515
1022 1021
450 1651
1277 1280
325 324
478 1627
650 647
546 1647
344 345
1030 1109
1715 1925
543 1707
301 1744
667 1373
1289 1631
1729 583
32 33
738 1856
540 77
1333 1632
666 1614
1399 1400
965 963
607 605
1846 1869
1302 1304
239 1046
1284 1286
1177 1660
660 1757
1148 28
1612 1269
1540 191
1510 1507
617 1512
3 1493
559 1243
485 1661
489 41
369 368
1231 1230
113 57
270 130
1804 1960
705 706
1423 1425
795 1767
1361 1360
1653 1851
1628 1528
854 803
1510 1508
168 822
1000 999
749 1024
331 330
412 413
818 1807
1577 1367
1001 1226
1004 184
324 1113
167 822
47 73
170 171
698 67
34 43
918 920
843 842
1402 195
1845 149
935 936
1637 1337
126 127
739 742
61 615
1793 1303
1236 1239
699 327
491 492
1095 1096
371 1827
1169 1784
1535 1590
794 796
1175 327
83 222
408 411
1846 1431
859 858
863 862
195 494
1087 1088
619 620
1448 1447
959 962
330 499
1695 1396
57 58
1077 1080
283 286
671 670
282 1434
1455 937
1143 1708
1396 1394
1018 1760
435 694
934 536
1346 1680
1424 1644
1196 1425
1667 197
611 1967
1607 453
4 1656
1517 812
457 1589
1620 1999
1009 1008
1611 549
916 776
1294 1988
1047 1046
28 191
170 696
1153 1151
890 1928
1721 474
525 530
657 1157
422 782
1370 1372
1 268
105 101
1678 1329
246 249
1469 1472
1218 1215
424 353
1354 1935
1207 1682
915 1775
402 415
556 555
1153 1041
775 173
597 1625
1430 1792
1980 713
196 1905
930 770
1352 1353
634 1058
598 600
423 424
559 561
1823 1787
755 270
374 376
1109 1953
622 241
846 845
554 425
1299 943
386 335
667 615
1054 1860
1850 1395
526 25
540 129
743 744
307 308
1286 1285
284 286
1282 1901
419 420
1801 702
1130 1970
1891 625
759 760
1146 1143
1532 1628
161 206
54 55
975 974
863 1443
438 436
776 1202
791 792
1308 1310
619 259
1317 1316
1145 1687
1067 897
624 1220
36 331
281 222
407 850
314 1534
1294 1293
387 388
577 710
967 1990
1787 283
1496 1498
650 207
734 1993
1684 92
843 1220
664 665
391 418
1492 1494
1147 1809
1395 1398
303 302
76 1840
793 796
1204 1205
1150 1151
60 579
519 378
1049 1051
1518 1517
711 710
1337 1339
1809 1983
731 732
1123 1489
184 185
663 662
1196 1197
1734 825
366 367
1483 1484
1550 659
1181 1182
224 225
711 1645
294 1868
1313 1314
139 138
560 561
1404 993
20 21
1213 1211
637 1673
772 916
341 343
164 166
721 722
1438 1683
1226 1003
503 504
1304 1303
422 885
271 538
1573 251
816 818
345 39
462 463
1354 186
1532 1530
598 1316
680 678
603 1597
426 1967
833 863
1635 1
806 804
1033 1032
1325 384
1057 1723
957 956
1059 1949
709 711
881 1754
844 893
88 89
716 1107
859 857
928 1966
987 989
246 245
1472 83
1355 1359
1469 1813
1402 198
1207 869
1696 336
1818 225
1379 1380
1452 1453
29 31
901 1105
271 548
958 960
701 1799
915 917
10 3
89 1882
802 1594
1536 1590
1752 1008
73 1111
1424 1422
372 374
563 564
756 1555
1276 1826
1047 1044
971 746
86 146
644 409
497 1894
108 107
389 483
97 98
91 1996
1298 1527
1183 731
1483 473
841 839
961 962
1998 1934
236 235
1462 1461
397 396
263 1743
259 1560
1261 1925
1842 920
475 681
1129 1738
1506 1508
735 733
668 1945
1363 1364
603 1019
1136 553
175 176
138 137
542 544
709 1853
1259 1258
1365 1955
1028 1543
880 879
196 229
124 1921
1243 1244
1029 23
208 1493
1387 1386
1471 1469
1083 74
209 211
32 60
265 267
180 724
1119 1121
1141 1142
77 135
532 531
588 1728
1366 1640
444 921
1975 577
883 1954
5 88
602 1839
1811 621
1064 1582
433 1567
1040 1039
1231 1855
967 964
632 1857
1020 1016
1095 1786
439 440
1050 1049
972 971
1833 1609
1295 1812
1529 1528
250 222
875 961
1761 1183
850 1725
9 383
436 440
648 649
908 263
1914 1274
656 658
127 333
778 777
563 1860
12 1062
199 301
601 1597
426 658
287 291
153 122
1324 1322
580 1081
1020 1019
235 990
1873 617
31 30
995 1847
576 589
484 1881
455 891
116 1681
529 572
814 1548
394 1345
27 1148
1357 1356
338 686
2 142
191 192
96 1821
1119 1646
1100 1712
1419 580
1360 1630
1122 326
128 180
39 1971
93 1279
525 526
1203 1201
346 1610
78 77
1227 1223
347 1610
65 64
1316 596
1116 1118
377 1741
476 475
997 1705
63 66
1476 1479
1882 85
1400 464
1986 968
1997 1139
1362 1566
882 1171
523 524
908 909
827 828
1374 1373
1228 1229
845 844
1472 1470
31 95
486 488
442 444
1323 1246
1201 1585
1552 1835
348 350
277 280
599 438
1388 1854
1794 1706
111 69
802 803
1140 1997
227 575
704 154
835 1443
333 1764
1431 1435
1007 1006
510 1576
765 807
1146 112
1561 1198
1953 1108
1848 1114
349 340
1487 1486
376 375
151 1732
476 477
1629 935
849 1725
1319 760
1076 1601
144 1904
1477 1476
855 1776
185 1007
912 911
30 6
156 236
100 99
1164 1165
1512 1511
698 697
1193 1195
148 1985
968 969
509 506
1063 1587
1742 1606
1730 669
643 641
688 692
44 1608
1328 1329
684 685
949 1762
1917 1321
496 1894
649 647
546 1301
334 404
355 356
877 1547
809 811
176 552
725 727
867 864
590 1728
1011 1008
1238 663
606 1094
1238 1753
174 172
192 532
839 838
121 326
928 929
1427 1429
1915 1591
1557 1765
1244 1240
1222 459
1367 1640
1357 1359
714 715
430 564
1334 1332
1572 571
542 543
413 1661
553 549
1382 1749
315 956
538 535
1426 1427
201 1575
1077 1078
673 897
630 634
692 1867
1506 1507
306 305
638 424
785 788
166 358
1687 1144
1692 1448
837 1564
1035 1033
1042 1041
677 523
40 489
669 672
274 276
820 823
952 853
851 1668
574 575
1411 1415
1490 1491
1474 479
50 59
751 748
1390 1391
1434 284
269 467
1292 1988
1182 1556
1011 851
997 1000
1096 1098
1282 1283
924 1311
840 352
911 1838
193 194
622 243
1182 318
409 408
469 471
220 516
175 25
755 1995
1735 313
1130 1711
37 36
1358 48
322 343
926 608
902 901
830 120
261 782
811 810
401 404
1440 1683
221 986
102 72
1934 870
1023 1021
335 334
121 72
775 633
1662 389
960 959
1554 1570
499 1956
820 821
1529 1530
18 388
1230 1234
1023 1025
115 84
1271 1272
1188 1184
386 385
457 459
950 1762
13 803
687 685
1298 1299
1945 665
315 316
1030 1028
372 373
261 1743
832 835
895 223
11 9
834 835
420 99
437 1623
433 1380
1015 593
866 1727
296 226
93 1684
1422 1425
1719 1232
78 75
876 873
1330 1328
1348 1445
613 1373
815 814
1174 1924
925 924
178 53
609 608
1016 1789
227 226
1072 1074
874 876
604 1839
1055 1056
274 732
190 192
877 1871
114 654
1322 1321
1883 723
707 708
1255 1257
529 1888
508 266
271 272
1297 1951
512 1576
1260 1264
1029 22
1180 1178
720 1796
1135 1134
640 129
623 627
1682 868
737 736
115 114
293 757
1426 1428
527 530
1783 1871
1072 1075
511 778
558 556
1345 184
300 398
1459 1460
1110 1666
248 1663
1379 1377
964 965
1380 1378
1210 1209
1357 1742
726 1609
322 1906
1877 1654
1397 1398
575 895
149 150
1514 1515
78 434
990 233
148 1732
125 1921
1201 1200
160 104
375 116
566 567
615 614
1803 1424
1672 1247
815 1807
189 190
1288 1622
1481 1480
93 34
352 1704
1451 1602
1255 1768
1644 1423
1025 1022
87 104
221 1688
1435 1434
913 915
48 47
572 528
731 1828
992 993
1553 1591
273 636
918 922
831 1913
1795 1459
1690 655
345 37
1539 1770
642 1954
611 876
249 248
607 609
1309 1312
801 800
951 518
757 297
1042 799
1890 506
1254 1253
215 352
654 652
942 1290
1170 1171
1040 1038
1331 1329
210 242
864 1194
134 386
398 399
1067 1065
498 1956
854 38
1233 107
133 1619
1822 1594
278 280
1417 1416
260 262
1878 401
955 953
580 334
1278 1280
171 169
703 1987
416 1307
121 122
1079 1400
325 331
54 1608
1586 1096
153 513
1212 1213
59 56
1513 994
165 115
894 1305
146 382
1449 1446
661 769
1317 1830
1173 1175
1369 1393
90 92
225 232
728 726
253 1664
1285 172
1048 1050
1270 1272
1457 1703
802 1866
1702 505
954 957
1299 1217
1051 256
1832 1045
43 1197
325 35
524 8
943 421
627 625
1226 1227
257 449
1652 452
1253 1331
98 96
1525 1527
544 1414
909 1127
1240 1242
796 694
795 1929
600 599
171 200
137 140
140 128
824 825
1493 1494
468 467
10 9
1355 1820
539 540
1345 1346
1451 1622
58 59
1460 952
1100 1101
1505 1838
979 1112
951 948
792 187
1965 1164
1916 451
1884 653
878 1107
1642 1270
653 1737
1056 983
486 1697
1207 1208
275 636
888 889
702 701
668 736
584 446
1100 1099
978 1741
464 465
1483 503
1292 1295
1344 1680
177 230
687 683
1264 1263
1817 169
629 105
1376 1856
134 594
147 143
878 1547
1464 1462
730 1123
156 112
1117 1815
1225 1501
330 481
993 970
1058 1057
280 101
568 525
780 781
766 550
776 775
1320 1321
477 474
1421 1420
1141 1074
358 357
286 285
1402 1401
1132 1970
810 813
1408 1657
1196 1429
432 429
1731 560
1068 1071
1093 1094
634 633
601 604
967 966
74 434
1215 1216
759 1875
695 1464
840 1750
477 324
439 356
211 534
991 1899
1233 109
887 1729
1567 1273
1359 1358
1717 1049
995 994
19 21
718 1368
657 655
1419 1974
852 752
294 1958
1218 1217
841 1564
1142 1140
1111 2
904 903
1442 1443
693 326
1688 181
507 505
1251 381
719 720
425 153
1303 1305
428 1978
454 827
119 106
1913 1584
1665 1161
1162 1163
111 71
1070 1071
1014 1015
1036 1040
1094 609
759 762
725 1886
269 268
292 122
544 193
504 502
631 1058
1095 1097
680 834
1221 1222
1185 1467
1663 173
1543 1933
1121 1569
87 85
565 1595
480 478
163 1829
1256 1259
1137 1134
1571 771
651 654
198 110
1634 1779
323 303
1899 989
72 73
706 626
1193 1191
789 1909
1063 1062
1224 1531
455 445
508 267
256 356
1836 1545
1808 237
1501 1223
970 969
502 500
314 1735
317 1556
38 155
736 666
76 1083
872 871
290 291
1117 1115
1283 1286
600 1625
452 453
1343 1618
151 938
980 1849
787 1604
1602 1450
724 1724
721 1724
1264 1262
1350 202
175 1004
1142 1138
1092 385
234 236
295 1868
94 95
1242 1241
819 823
914 917
1605 1257
715 1962
974 973
1192 1191
509 505
292 392
1311 923
1046 243
1704 351
1737 651
206 205
102 380
244 177
1039 662
987 988
1348 1347
1641 618
1559 183
393 562
46 54
922 1579
432 431
1937 1439
586 588
305 272
1369 1942
1777 689
552 553
860 1845
670 672
767 764
1747 1754
1248 1249
752 753
369 427
988 1406
1643 1003
26 25
105 1578
717 715
495 491
1865 1977
1371 1374
929 390
328 136
1059 1805
934 933
1810 1617
1262 1261
1217 940
439 638
94 151
1377 1378
80 7
1139 1138
213 534
359 362
120 706
198 197
1170 1784
468 1079
1265 1266
1091 1090
618 616
457 1898
602 1019
1056 488
1518 1515
901 498
1009 1010
363 367
100 406
1190 1449
350 349
179 141
976 421
1412 1415
958 962
1479 1475
1713 1104
1203 1202
1367 1955
221 220
1557 960
1381 1382
1330 1331
1310 1947
1125 1141
976 973
985 986
411 850
948 949
1745 289
790 1327
48 1551
1254 45
1006 1600
813 812
1369 531
1214 1218
853 854
1309 1310
552 248
1627 1973
1880 492
548 1773
1520 1519
1031 1032
1951 581
321 320
188 691
688 1777
1593 1371
82 69
157 206
570 569
272 698
1247 1249
786 784
826 824
991 1406
783 1478
783 1781
1859 1979
484 485
1075 1073
1185 1186
1617 1447
494 229
1340 1341
723 724
479 481
443 1650
255 672
1027 1026
761 125
855 219
528 530
1272 1103
410 411
1489 1488
117 375
917 916
14 33
252 1573
1527 1769
683 871
359 361
1536 1538
1565 551
1408 1895
574 713
681 682
340 847
1136 1137
972 1404
1494 1726
450 449
906 1771
1919 1206
1026 1212
619 1616
253 254
1001 1002
1796 679
11 34
371 152
1501 1500
549 1565
1020 1017
1250 179
1171 1168
241 1616
976 1384
17 19
1438 1441
714 716
1534 1533
1478 1479
1107 1106
1677 1328
197 1905
1195 1194
1995 754
112 113
1327 1930
41 42
1365 1368
520 141
299 1744
309 310
538 817
257 256
1034 769
463 230
1798 1511
1413 1411
18 310
875 874
458 456
741 726
1435 1433
870 872
587 590
628 228
584 585
139 140
1738 1128
979 952
1169 1168
1509 213
982 984
1291 1341
843 1891
1235 1733
304 1907
1473 1474
646 1295
466 468
300 301
1189 1866
1266 632
572 573
1177 1837
914 913
126 44
822 823
529 1671
905 1127
1370 1593
1491 1843
639 640
1167 1166
562 1053
517 270
145 144
1477 1475
19 1675
1492 1843
1338 1336
446 450
1531 1532
1523 1519
685 1851
310 17
99 526
113 226
910 931
1504 1825
1030 1029
1349 1350
145 147
35 1971
321 317
212 213
708 1853
298 398
749 1553
289 291
1335 1632
249 956
939 935
514 515
1320 1324
1582 1065
510 778
827 1916
599 437
426 427
285 315
830 118
364 367
321 1710
1353 1935
429 428
1135 1948
311 61
978 977
79 80
1013 1771
1102 1099
287 1604
412 1363
984 981
859 1834
1342 1618
515 320
963 1990
1341 1288
209 1649
1433 1885
1412 2000
1799 1927
1974 1418
658 1157
1124 1792
517 1932
24 62
207 435
1802 1881
1797 1620
847 342
1510 1509
389 391
90 91
674 675
45 1791
1571 1779
7 1
1830 1315
558 557
941 940
275 732
968 972
350 347
512 513
567 568
473 471
686 1696
1707 541
1710 319
682 720
1398 1394
1994 279
1044 1832
801 797
61 62
1722 1289
1043 1248
1372 1374
899 1258
1755 930
1267 1335
16 15
377 380
183 986
1927 1541
1598 203
954 1790
393 747
445 1578
159 161
818 817
754 753
1819 1343
762 1592
1066 1064
1421 1266
1898 456
800 1614
1481 1562
880 178
790 1740
1257 1903
1053 1052
56 257
1067 1066
947 945
97 308
1199 1200
1227 1224
250 770
749 750
1076 1078
1581 739
133 132
702 1987
6 4
339 230
187 102
570 571
1133 1948
946 944
394 393
452 451
733 737
650 648
443 921
307 610
1526 1546
518 1084
82 81
38 39
980 981
1840 75
240 1560
1176 1180
467 265
1659 247
474 681
483 1699
14 155
380 1275
1410 1347
131 82
1063 1059
490 486
826 1854
1523 1522
541 1414
861 860
870 869
21 388
773 1676
231 232
410 379
673 1339
437 440
1301 548
881 695
929 392
966 499
1447 1449
1090 1092
1154 1939
834 679
264 718
1354 1351
620 617
165 880
719 1465
1157 1158
1291 1289
1831 900
886 887
299 298
123 124
547 904
1920 469
481 480
1128 1132
1245 1249
1936 790
898 902
1018 1789
1126 1127
1305 1302
5 1656
763 764
1910 369
432 430
1161 1159
60 109
1244 1241
691 532
678 682
861 857
1903 1256
1767 794
1297 1296
878 717
883 645
701 704
288 1991
817 536
1559 1963
297 320
786 812
395 399
741 725
991 990
157 158
766 767
727 1658
276 273
847 848
1568 381
1739 593
1448 1446
86 89
1146 1437
1188 1186
1017 1760
793 795
343 349
103 255
323 1906
594 136
1537 1535
1042 801
1319 1318
1144 1437
1461 1463
1004 1005
168 169
1457 1459
448 584
1062 16
208 47
418 417
785 1621
1436 1943
1736 884
66 1599
1689 491
746 745
1432 1885
816 1548
1363 414
1083 1082
1385 1386
707 1645
1131 804
808 806
1362 1364
402 1878
751 705
1172 1924
68 67
1275 379
735 734
216 218
120 119
397 399
1232 1231
582 1806
1596 712
1003 1005
50 1596
703 704
1120 1121
1314 1918
262 908
1421 995
1187 1143
840 841
641 645
893 848
1116 1117
1580 1021
170 305
808 807
904 1647
32 50
228 459
182 183
886 1552
288 289
1504 181
519 518
119 109
1769 1524
1671 527
1538 1537
1195 1192
509 508
131 212
141 142
1418 1416
220 700
1670 1069
1243 1053
768 1498
263 94
1368 1366
936 937
1384 1383
1069 1068
1148 1147
243 242
1456 1454
1471 1470
1404 1403
1348 1269
787 1991
435 604
470 503
348 366
360 361
390 418
199 219
200 167
81 101
677 676
606 1706
