200 397
70 64 
64 94 
94 174 
174 10 
10 1 
1 54 
54 3 
3 153 
153 169 
169 84 
84 61 
61 79 
79 133 
133 38 
38 59 
59 159 
159 49 
49 110 
110 164 
164 22 
22 25 
25 170 
170 15 
15 134 
134 18 
18 39 
39 76 
76 126 
126 190 
190 89 
89 78 
78 86 
86 17 
17 69 
69 167 
167 55 
55 23 
23 127 
127 2 
2 73 
73 92 
92 144 
144 30 
30 8 
8 108 
108 63 
63 48 
48 81 
81 118 
118 165 
165 150 
150 41 
41 160 
160 50 
50 125 
125 95 
95 34 
34 138 
138 47 
47 149 
149 147 
147 100 
100 26 
26 128 
128 136 
136 113 
113 183 
183 171 
171 129 
129 115 
115 192 
192 148 
148 11 
11 114 
114 105 
105 142 
142 91 
91 62 
62 161 
161 196 
196 191 
191 198 
198 195 
195 176 
176 93 
93 106 
106 45 
45 181 
181 199 
199 35 
35 124 
124 139 
139 87 
87 182 
182 66 
66 90 
90 103 
103 32 
32 179 
179 185 
185 102 
102 151 
151 193 
193 40 
40 88 
88 137 
137 67 
67 116 
116 172 
172 33 
33 112 
112 68 
68 77 
77 75 
75 107 
107 16 
16 145 
145 53 
53 119 
119 42 
42 173 
173 117 
117 21 
21 157 
157 194 
194 189 
189 52 
52 46 
46 130 
130 186 
186 177 
177 65 
65 20 
20 27 
27 131 
131 135 
135 82 
82 29 
29 140 
140 184 
184 187 
187 57 
57 163 
163 120 
120 146 
146 13 
13 9 
9 12 
12 143 
143 43 
43 98 
98 51 
51 58 
58 156 
156 168 
168 154 
154 158 
158 97 
97 56 
56 7 
7 96 
96 111 
111 5 
5 104 
104 166 
166 109 
109 24 
24 121 
121 122 
122 180 
180 28 
28 14 
14 72 
72 101 
101 85 
85 99 
99 123 
123 188 
188 36 
36 19 
19 152 
152 175 
175 37 
37 44 
44 71 
71 155 
155 83 
83 80 
80 141 
141 4 
4 162 
162 74 
74 200 
200 197 
197 132 
132 6 
6 31 
31 60 
60 178 
70 174 
64 10 
94 1 
174 54 
10 3 
1 153 
54 169 
3 84 
153 61 
169 79 
84 133 
61 38 
79 59 
133 159 
38 49 
59 110 
159 164 
49 22 
110 25 
164 170 
22 15 
25 134 
170 18 
15 39 
134 76 
18 126 
39 190 
76 89 
126 78 
190 86 
89 17 
78 69 
86 167 
17 55 
69 23 
167 127 
55 2 
23 73 
127 92 
2 144 
73 30 
92 8 
144 108 
30 63 
8 48 
108 81 
63 118 
48 165 
81 150 
118 41 
165 160 
150 50 
41 125 
160 95 
50 34 
125 138 
95 47 
34 149 
138 147 
47 100 
149 26 
147 128 
100 136 
26 113 
128 183 
136 171 
113 129 
183 115 
171 192 
129 148 
115 11 
192 114 
148 105 
11 142 
114 91 
105 62 
142 161 
91 196 
62 191 
161 198 
196 195 
191 176 
198 93 
195 106 
176 45 
93 181 
106 199 
45 35 
181 124 
199 139 
35 87 
124 182 
139 66 
87 90 
182 103 
66 32 
90 179 
103 185 
32 102 
179 151 
185 193 
102 40 
151 88 
193 137 
40 67 
88 116 
137 172 
67 33 
116 112 
172 68 
33 77 
112 75 
68 107 
77 16 
75 145 
107 53 
16 119 
145 42 
53 173 
119 117 
42 21 
173 157 
117 194 
21 189 
157 52 
194 46 
189 130 
52 186 
46 177 
130 65 
186 20 
177 27 
65 131 
20 135 
27 82 
131 29 
135 140 
82 184 
29 187 
140 57 
184 163 
187 120 
57 146 
163 13 
120 9 
146 12 
13 143 
9 43 
12 98 
143 51 
43 58 
98 156 
51 168 
58 154 
156 158 
168 97 
154 56 
158 7 
97 96 
56 111 
7 5 
96 104 
111 166 
5 109 
104 24 
166 121 
109 122 
24 180 
121 28 
122 14 
180 72 
28 101 
14 85 
72 99 
101 123 
85 188 
99 36 
123 19 
188 152 
36 175 
19 37 
152 44 
175 71 
37 155 
44 83 
71 80 
155 141 
83 4 
80 162 
141 74 
4 200 
162 197 
74 132 
200 6 
197 31 
132 60 
6 178 
41 138 
