600 1197
224 511 
511 573 
573 354 
354 295 
295 229 
229 146 
146 110 
110 323 
323 239 
239 254 
254 439 
439 119 
119 14 
14 17 
17 261 
261 124 
124 18 
18 137 
137 228 
228 429 
429 538 
538 11 
11 462 
462 583 
583 551 
551 290 
290 468 
468 550 
550 30 
30 174 
174 443 
443 558 
558 452 
452 221 
221 36 
36 216 
216 38 
38 384 
384 232 
232 442 
442 479 
479 467 
467 422 
422 75 
75 347 
347 163 
163 379 
379 176 
176 465 
465 277 
277 88 
88 280 
280 120 
120 133 
133 356 
356 476 
476 343 
343 51 
51 251 
251 500 
500 256 
256 41 
41 60 
60 246 
246 26 
26 97 
97 181 
181 421 
421 413 
413 366 
366 267 
267 512 
512 74 
74 291 
291 436 
436 189 
189 210 
210 175 
175 497 
497 65 
65 346 
346 83 
83 250 
250 528 
528 445 
445 77 
77 506 
506 463 
463 342 
342 305 
305 187 
187 52 
52 257 
257 292 
292 554 
554 532 
532 107 
107 85 
85 215 
215 438 
438 383 
383 283 
283 398 
398 188 
188 334 
334 16 
16 587 
587 170 
170 480 
480 142 
142 326 
326 106 
106 271 
271 117 
117 431 
431 495 
495 135 
135 503 
503 28 
28 233 
233 22 
22 123 
123 425 
425 460 
460 40 
40 545 
545 128 
128 270 
270 237 
237 48 
48 186 
186 211 
211 482 
482 387 
387 98 
98 435 
435 31 
31 499 
499 140 
140 70 
70 352 
352 591 
591 144 
144 219 
219 177 
177 143 
143 293 
293 490 
490 150 
150 94 
94 531 
531 391 
391 196 
196 90 
90 359 
359 340 
340 24 
24 242 
242 579 
579 313 
313 104 
104 193 
193 122 
122 166 
166 486 
486 514 
514 168 
168 58 
58 190 
190 473 
473 153 
153 565 
565 320 
320 321 
321 470 
470 556 
556 539 
539 484 
484 167 
167 392 
392 182 
182 245 
245 1 
1 513 
513 165 
165 244 
244 132 
132 472 
472 171 
171 108 
108 481 
481 274 
274 403 
403 100 
100 72 
72 231 
231 95 
95 225 
225 592 
592 63 
63 599 
599 331 
331 362 
362 315 
315 428 
428 217 
217 13 
13 50 
50 589 
589 61 
61 294 
294 44 
44 262 
262 268 
268 200 
200 375 
375 386 
386 125 
125 53 
53 574 
574 164 
164 571 
571 396 
396 227 
227 487 
487 243 
243 324 
324 393 
393 311 
311 297 
297 434 
434 543 
543 234 
234 73 
73 5 
5 273 
273 318 
318 252 
252 39 
39 367 
367 329 
329 264 
264 269 
269 35 
35 540 
540 426 
426 582 
582 459 
459 49 
49 420 
420 537 
537 368 
368 402 
402 570 
570 317 
317 389 
389 330 
330 109 
109 598 
598 454 
454 302 
302 405 
405 373 
373 534 
534 59 
59 298 
298 427 
427 548 
548 349 
349 157 
157 220 
220 370 
370 21 
21 474 
474 194 
194 541 
541 278 
278 118 
118 310 
310 160 
160 76 
76 206 
206 284 
284 502 
502 568 
568 43 
43 364 
364 301 
301 372 
372 552 
552 566 
566 575 
575 56 
56 505 
505 458 
458 440 
440 451 
451 93 
93 555 
555 569 
569 586 
586 195 
195 562 
562 288 
288 319 
319 597 
597 141 
141 209 
209 353 
353 147 
147 179 
179 365 
365 314 
314 27 
27 201 
201 450 
450 300 
300 337 
337 518 
518 214 
214 96 
96 89 
89 71 
71 172 
172 410 
410 282 
282 115 
115 184 
184 275 
275 276 
276 407 
407 504 
504 509 
509 437 
437 493 
493 42 
42 338 
338 341 
341 400 
400 127 
127 339 
339 332 
332 344 
344 281 
281 594 
594 585 
585 564 
564 377 
377 350 
350 376 
376 2 
2 235 
235 507 
507 363 
363 34 
34 192 
192 516 
516 385 
385 156 
156 25 
25 155 
155 557 
557 348 
348 79 
79 145 
145 441 
441 12 
12 304 
304 149 
149 68 
68 266 
266 415 
415 374 
374 485 
485 3 
3 357 
357 378 
378 477 
477 238 
238 113 
113 279 
279 580 
580 380 
380 523 
523 23 
23 521 
521 381 
381 191 
191 390 
390 388 
388 6 
6 355 
355 80 
80 198 
198 345 
345 10 
10 299 
299 112 
112 64 
64 578 
578 152 
152 116 
116 289 
289 401 
401 57 
57 397 
397 549 
549 236 
236 84 
84 424 
424 199 
199 590 
590 433 
433 456 
456 530 
530 161 
161 248 
248 62 
62 333 
333 430 
430 185 
185 255 
255 316 
316 131 
131 563 
563 461 
461 29 
29 432 
432 600 
600 78 
78 218 
218 151 
151 287 
287 154 
154 449 
449 240 
240 327 
327 204 
204 526 
526 134 
134 15 
15 559 
559 444 
444 205 
205 411 
411 351 
351 519 
519 173 
173 55 
55 547 
547 32 
32 471 
471 303 
303 369 
369 501 
501 453 
453 129 
129 130 
130 312 
312 448 
448 553 
553 259 
259 126 
126 483 
483 406 
406 202 
202 9 
9 491 
491 136 
136 515 
515 92 
92 520 
520 306 
306 81 
81 567 
567 309 
309 395 
395 404 
404 522 
522 285 
285 247 
247 226 
226 241 
241 595 
595 536 
536 336 
336 325 
325 208 
208 222 
222 87 
87 492 
492 197 
197 19 
19 414 
414 8 
8 212 
212 180 
180 489 
489 360 
360 525 
525 412 
412 138 
138 159 
159 322 
322 469 
469 576 
576 561 
561 464 
464 510 
510 447 
447 418 
418 103 
103 361 
361 158 
158 399 
399 496 
496 533 
533 162 
162 466 
466 139 
139 37 
37 593 
593 524 
524 105 
105 86 
86 527 
527 69 
69 102 
102 308 
308 544 
544 457 
457 20 
20 46 
46 517 
517 203 
203 207 
207 475 
475 358 
358 455 
455 169 
169 47 
47 101 
101 328 
328 7 
7 494 
494 121 
121 111 
111 529 
529 213 
213 423 
423 419 
419 409 
409 535 
535 286 
286 416 
416 382 
382 54 
54 4 
4 258 
258 560 
560 33 
33 114 
114 82 
82 581 
581 446 
446 253 
253 99 
99 66 
66 588 
588 577 
577 572 
572 178 
178 546 
546 230 
230 408 
408 508 
508 223 
223 249 
249 148 
148 307 
307 488 
488 296 
296 584 
584 260 
260 498 
498 478 
478 183 
183 417 
417 45 
45 394 
394 91 
91 272 
272 265 
265 542 
542 596 
596 67 
67 263 
263 371 
371 335 
224 354 
511 295 
573 229 
354 146 
295 110 
229 323 
146 239 
110 254 
323 439 
239 119 
254 14 
439 17 
119 261 
14 124 
17 18 
261 137 
124 228 
18 429 
137 538 
228 11 
429 462 
538 583 
11 551 
462 290 
583 468 
551 550 
290 30 
468 174 
550 443 
30 558 
174 452 
443 221 
558 36 
452 216 
221 38 
36 384 
216 232 
38 442 
384 479 
232 467 
442 422 
479 75 
467 347 
422 163 
75 379 
347 176 
163 465 
379 277 
176 88 
465 280 
277 120 
88 133 
280 356 
120 476 
133 343 
356 51 
476 251 
343 500 
51 256 
251 41 
500 60 
256 246 
41 26 
60 97 
246 181 
26 421 
97 413 
181 366 
421 267 
413 512 
366 74 
267 291 
512 436 
74 189 
291 210 
436 175 
189 497 
210 65 
175 346 
497 83 
65 250 
346 528 
83 445 
250 77 
528 506 
445 463 
77 342 
506 305 
463 187 
342 52 
305 257 
187 292 
52 554 
257 532 
292 107 
554 85 
532 215 
107 438 
85 383 
215 283 
438 398 
383 188 
283 334 
398 16 
188 587 
334 170 
16 480 
587 142 
170 326 
480 106 
142 271 
326 117 
106 431 
271 495 
117 135 
431 503 
495 28 
135 233 
503 22 
28 123 
233 425 
22 460 
123 40 
425 545 
460 128 
40 270 
545 237 
128 48 
270 186 
237 211 
48 482 
186 387 
211 98 
482 435 
387 31 
98 499 
435 140 
31 70 
499 352 
140 591 
70 144 
352 219 
591 177 
144 143 
219 293 
177 490 
143 150 
293 94 
490 531 
150 391 
94 196 
531 90 
391 359 
196 340 
90 24 
359 242 
340 579 
24 313 
242 104 
579 193 
313 122 
104 166 
193 486 
122 514 
166 168 
486 58 
514 190 
168 473 
58 153 
190 565 
473 320 
153 321 
565 470 
320 556 
321 539 
470 484 
556 167 
539 392 
484 182 
167 245 
392 1 
182 513 
245 165 
1 244 
513 132 
165 472 
244 171 
132 108 
472 481 
171 274 
108 403 
481 100 
274 72 
403 231 
100 95 
72 225 
231 592 
95 63 
225 599 
592 331 
63 362 
599 315 
331 428 
362 217 
315 13 
428 50 
217 589 
13 61 
50 294 
589 44 
61 262 
294 268 
44 200 
262 375 
268 386 
200 125 
375 53 
386 574 
125 164 
53 571 
574 396 
164 227 
571 487 
396 243 
227 324 
487 393 
243 311 
324 297 
393 434 
311 543 
297 234 
434 73 
543 5 
234 273 
73 318 
5 252 
273 39 
318 367 
252 329 
39 264 
367 269 
329 35 
264 540 
269 426 
35 582 
540 459 
426 49 
582 420 
459 537 
49 368 
420 402 
537 570 
368 317 
402 389 
570 330 
317 109 
389 598 
330 454 
109 302 
598 405 
454 373 
302 534 
405 59 
373 298 
534 427 
59 548 
298 349 
427 157 
548 220 
349 370 
157 21 
220 474 
370 194 
21 541 
474 278 
194 118 
541 310 
278 160 
118 76 
310 206 
160 284 
76 502 
206 568 
284 43 
502 364 
568 301 
43 372 
364 552 
301 566 
372 575 
552 56 
566 505 
575 458 
56 440 
505 451 
458 93 
440 555 
451 569 
93 586 
555 195 
569 562 
586 288 
195 319 
562 597 
288 141 
319 209 
597 353 
141 147 
209 179 
353 365 
147 314 
179 27 
365 201 
314 450 
27 300 
201 337 
450 518 
300 214 
337 96 
518 89 
214 71 
96 172 
89 410 
71 282 
172 115 
410 184 
282 275 
115 276 
184 407 
275 504 
276 509 
407 437 
504 493 
509 42 
437 338 
493 341 
42 400 
338 127 
341 339 
400 332 
127 344 
339 281 
332 594 
344 585 
281 564 
594 377 
585 350 
564 376 
377 2 
350 235 
376 507 
2 363 
235 34 
507 192 
363 516 
34 385 
192 156 
516 25 
385 155 
156 557 
25 348 
155 79 
557 145 
348 441 
79 12 
145 304 
441 149 
12 68 
304 266 
149 415 
68 374 
266 485 
415 3 
374 357 
485 378 
3 477 
357 238 
378 113 
477 279 
238 580 
113 380 
279 523 
580 23 
380 521 
523 381 
23 191 
521 390 
381 388 
191 6 
390 355 
388 80 
6 198 
355 345 
80 10 
198 299 
345 112 
10 64 
299 578 
112 152 
64 116 
578 289 
152 401 
116 57 
289 397 
401 549 
57 236 
397 84 
549 424 
236 199 
84 590 
424 433 
199 456 
590 530 
433 161 
456 248 
530 62 
161 333 
248 430 
62 185 
333 255 
430 316 
185 131 
255 563 
316 461 
131 29 
563 432 
461 600 
29 78 
432 218 
600 151 
78 287 
218 154 
151 449 
287 240 
154 327 
449 204 
240 526 
327 134 
204 15 
526 559 
134 444 
15 205 
559 411 
444 351 
205 519 
411 173 
351 55 
519 547 
173 32 
55 471 
547 303 
32 369 
471 501 
303 453 
369 129 
501 130 
453 312 
129 448 
130 553 
312 259 
448 126 
553 483 
259 406 
126 202 
483 9 
406 491 
202 136 
9 515 
491 92 
136 520 
515 306 
92 81 
520 567 
306 309 
81 395 
567 404 
309 522 
395 285 
404 247 
522 226 
285 241 
247 595 
226 536 
241 336 
595 325 
536 208 
336 222 
325 87 
208 492 
222 197 
87 19 
492 414 
197 8 
19 212 
414 180 
8 489 
212 360 
180 525 
489 412 
360 138 
525 159 
412 322 
138 469 
159 576 
322 561 
469 464 
576 510 
561 447 
464 418 
510 103 
447 361 
418 158 
103 399 
361 496 
158 533 
399 162 
496 466 
533 139 
162 37 
466 593 
139 524 
37 105 
593 86 
524 527 
105 69 
86 102 
527 308 
69 544 
102 457 
308 20 
544 46 
457 517 
20 203 
46 207 
517 475 
203 358 
207 455 
475 169 
358 47 
455 101 
169 328 
47 7 
101 494 
328 121 
7 111 
494 529 
121 213 
111 423 
529 419 
213 409 
423 535 
419 286 
409 416 
535 382 
286 54 
416 4 
382 258 
54 560 
4 33 
258 114 
560 82 
33 581 
114 446 
82 253 
581 99 
446 66 
253 588 
99 577 
66 572 
588 178 
577 546 
572 230 
178 408 
546 508 
230 223 
408 249 
508 148 
223 307 
249 488 
148 296 
307 584 
488 260 
296 498 
584 478 
260 183 
498 417 
478 45 
183 394 
417 91 
45 272 
394 265 
91 542 
272 596 
265 67 
542 263 
596 371 
67 335 
280 51 
