500 997
399 235 
235 355 
355 394 
394 495 
495 464 
464 369 
369 30 
30 296 
296 475 
475 365 
365 12 
12 158 
158 311 
311 293 
293 248 
248 274 
274 368 
368 281 
281 20 
20 308 
308 37 
37 470 
470 155 
155 153 
153 480 
480 95 
95 6 
6 184 
184 245 
245 129 
129 32 
32 294 
294 335 
335 183 
183 487 
487 259 
259 227 
227 231 
231 25 
25 432 
432 42 
42 469 
469 285 
285 474 
474 140 
140 488 
488 330 
330 87 
87 130 
130 439 
439 52 
52 237 
237 353 
353 139 
139 457 
457 479 
479 250 
250 442 
442 247 
247 174 
174 62 
62 142 
142 222 
222 154 
154 319 
319 320 
320 304 
304 284 
284 119 
119 379 
379 85 
85 489 
489 476 
476 159 
159 207 
207 324 
324 419 
419 110 
110 109 
109 16 
16 11 
11 401 
401 275 
275 356 
356 204 
204 499 
499 88 
88 412 
412 359 
359 265 
265 418 
418 206 
206 131 
131 364 
364 115 
115 312 
312 98 
98 273 
273 451 
451 272 
272 255 
255 77 
77 490 
490 107 
107 170 
170 453 
453 185 
185 199 
199 17 
17 126 
126 1 
1 382 
382 57 
57 195 
195 196 
196 374 
374 132 
132 192 
192 182 
182 323 
323 118 
118 34 
34 299 
299 128 
128 455 
455 413 
413 147 
147 483 
483 402 
402 114 
114 223 
223 75 
75 327 
327 200 
200 217 
217 148 
148 253 
253 143 
143 86 
86 260 
260 317 
317 10 
10 339 
339 134 
134 314 
314 291 
291 345 
345 437 
437 71 
71 29 
29 137 
137 171 
171 212 
212 205 
205 7 
7 493 
493 125 
125 9 
9 104 
104 256 
256 221 
221 226 
226 123 
123 466 
466 325 
325 117 
117 387 
387 398 
398 201 
201 76 
76 315 
315 438 
438 268 
268 305 
305 214 
214 178 
178 381 
381 486 
486 219 
219 298 
298 78 
78 15 
15 43 
43 233 
233 163 
163 346 
346 41 
41 263 
263 190 
190 386 
386 276 
276 406 
406 180 
180 468 
468 405 
405 295 
295 309 
309 141 
141 232 
232 210 
210 181 
181 26 
26 48 
48 477 
477 215 
215 218 
218 446 
446 301 
301 127 
127 83 
83 367 
367 66 
66 363 
363 267 
267 144 
144 496 
496 102 
102 108 
108 220 
220 449 
449 59 
59 177 
177 224 
224 371 
371 198 
198 331 
331 90 
90 264 
264 225 
225 238 
238 18 
18 271 
271 434 
434 416 
416 321 
321 433 
433 31 
31 473 
473 51 
51 341 
341 203 
203 269 
269 55 
55 266 
266 56 
56 209 
209 36 
36 338 
338 105 
105 443 
443 202 
202 113 
113 58 
58 64 
64 3 
3 378 
378 452 
452 410 
410 482 
482 44 
44 68 
68 286 
286 278 
278 444 
444 471 
471 241 
241 28 
28 236 
236 27 
27 5 
5 165 
165 21 
21 194 
194 400 
400 122 
122 492 
492 307 
307 372 
372 91 
91 240 
240 162 
162 485 
485 35 
35 370 
370 460 
460 396 
396 340 
340 334 
334 116 
116 287 
287 133 
133 282 
282 441 
441 376 
376 348 
348 246 
246 213 
213 168 
168 448 
448 357 
357 252 
252 302 
302 191 
191 411 
411 424 
424 316 
316 313 
313 136 
136 188 
188 478 
478 84 
84 67 
67 500 
500 404 
404 146 
146 462 
462 124 
124 459 
459 393 
393 445 
445 283 
283 435 
435 150 
150 354 
354 47 
47 279 
279 93 
93 249 
249 385 
385 373 
373 332 
332 65 
65 160 
160 120 
120 73 
73 197 
197 366 
366 390 
390 289 
289 38 
38 292 
292 157 
157 391 
391 384 
384 46 
46 100 
100 362 
362 24 
24 343 
343 121 
121 261 
261 389 
389 463 
463 397 
397 415 
415 45 
45 112 
112 431 
431 326 
326 329 
329 395 
395 239 
239 497 
497 429 
429 251 
251 72 
72 270 
270 467 
467 211 
211 427 
427 99 
99 39 
39 33 
33 101 
101 186 
186 167 
167 242 
242 436 
436 420 
420 2 
2 244 
244 351 
351 94 
94 361 
361 49 
49 297 
297 243 
243 22 
22 408 
408 377 
377 392 
392 138 
138 61 
61 347 
347 254 
254 257 
257 14 
14 409 
409 193 
193 403 
403 290 
290 173 
173 164 
164 208 
208 79 
79 230 
230 303 
303 380 
380 216 
216 481 
481 417 
417 456 
456 414 
414 176 
176 175 
175 262 
262 151 
151 425 
425 383 
383 430 
430 422 
422 358 
358 498 
498 491 
491 423 
423 169 
169 428 
428 318 
318 54 
54 310 
310 60 
60 179 
179 407 
407 352 
352 4 
4 450 
450 349 
349 229 
229 258 
258 228 
228 69 
69 337 
337 189 
189 336 
336 447 
447 344 
344 172 
172 350 
350 89 
89 103 
103 300 
300 82 
82 454 
454 484 
484 458 
458 70 
70 156 
156 440 
440 322 
322 106 
106 166 
166 465 
465 342 
342 145 
145 461 
461 135 
135 81 
81 426 
426 111 
111 388 
388 472 
472 152 
152 74 
74 161 
161 92 
92 360 
360 50 
50 328 
328 149 
149 13 
13 96 
96 8 
8 53 
53 187 
187 288 
288 306 
306 280 
280 63 
63 277 
277 333 
333 23 
23 421 
421 494 
494 19 
19 97 
97 234 
234 375 
375 80 
80 40 
399 394 
235 495 
355 464 
394 369 
495 30 
464 296 
369 475 
30 365 
296 12 
475 158 
365 311 
12 293 
158 248 
311 274 
293 368 
248 281 
274 20 
368 308 
281 37 
20 470 
308 155 
37 153 
470 480 
155 95 
153 6 
480 184 
95 245 
6 129 
184 32 
245 294 
129 335 
32 183 
294 487 
335 259 
183 227 
487 231 
259 25 
227 432 
231 42 
25 469 
432 285 
42 474 
469 140 
285 488 
474 330 
140 87 
488 130 
330 439 
87 52 
130 237 
439 353 
52 139 
237 457 
353 479 
139 250 
457 442 
479 247 
250 174 
442 62 
247 142 
174 222 
62 154 
142 319 
222 320 
154 304 
319 284 
320 119 
304 379 
284 85 
119 489 
379 476 
85 159 
489 207 
476 324 
159 419 
207 110 
324 109 
419 16 
110 11 
109 401 
16 275 
11 356 
401 204 
275 499 
356 88 
204 412 
499 359 
88 265 
412 418 
359 206 
265 131 
418 364 
206 115 
131 312 
364 98 
115 273 
312 451 
98 272 
273 255 
451 77 
272 490 
255 107 
77 170 
490 453 
107 185 
170 199 
453 17 
185 126 
199 1 
17 382 
126 57 
1 195 
382 196 
57 374 
195 132 
196 192 
374 182 
132 323 
192 118 
182 34 
323 299 
118 128 
34 455 
299 413 
128 147 
455 483 
413 402 
147 114 
483 223 
402 75 
114 327 
223 200 
75 217 
327 148 
200 253 
217 143 
148 86 
253 260 
143 317 
86 10 
260 339 
317 134 
10 314 
339 291 
134 345 
314 437 
291 71 
345 29 
437 137 
71 171 
29 212 
137 205 
171 7 
212 493 
205 125 
7 9 
493 104 
125 256 
9 221 
104 226 
256 123 
221 466 
226 325 
123 117 
466 387 
325 398 
117 201 
387 76 
398 315 
201 438 
76 268 
315 305 
438 214 
268 178 
305 381 
214 486 
178 219 
381 298 
486 78 
219 15 
298 43 
78 233 
15 163 
43 346 
233 41 
163 263 
346 190 
41 386 
263 276 
190 406 
386 180 
276 468 
406 405 
180 295 
468 309 
405 141 
295 232 
309 210 
141 181 
232 26 
210 48 
181 477 
26 215 
48 218 
477 446 
215 301 
218 127 
446 83 
301 367 
127 66 
83 363 
367 267 
66 144 
363 496 
267 102 
144 108 
496 220 
102 449 
108 59 
220 177 
449 224 
59 371 
177 198 
224 331 
371 90 
198 264 
331 225 
90 238 
264 18 
225 271 
238 434 
18 416 
271 321 
434 433 
416 31 
321 473 
433 51 
31 341 
473 203 
51 269 
341 55 
203 266 
269 56 
55 209 
266 36 
56 338 
209 105 
36 443 
338 202 
105 113 
443 58 
202 64 
113 3 
58 378 
64 452 
3 410 
378 482 
452 44 
410 68 
482 286 
44 278 
68 444 
286 471 
278 241 
444 28 
471 236 
241 27 
28 5 
236 165 
27 21 
5 194 
165 400 
21 122 
194 492 
400 307 
122 372 
492 91 
307 240 
372 162 
91 485 
240 35 
162 370 
485 460 
35 396 
370 340 
460 334 
396 116 
340 287 
334 133 
116 282 
287 441 
133 376 
282 348 
441 246 
376 213 
348 168 
246 448 
213 357 
168 252 
448 302 
357 191 
252 411 
302 424 
191 316 
411 313 
424 136 
316 188 
313 478 
136 84 
188 67 
478 500 
84 404 
67 146 
500 462 
404 124 
146 459 
462 393 
124 445 
459 283 
393 435 
445 150 
283 354 
435 47 
150 279 
354 93 
47 249 
279 385 
93 373 
249 332 
385 65 
373 160 
332 120 
65 73 
160 197 
120 366 
73 390 
197 289 
366 38 
390 292 
289 157 
38 391 
292 384 
157 46 
391 100 
384 362 
46 24 
100 343 
362 121 
24 261 
343 389 
121 463 
261 397 
389 415 
463 45 
397 112 
415 431 
45 326 
112 329 
431 395 
326 239 
329 497 
395 429 
239 251 
497 72 
429 270 
251 467 
72 211 
270 427 
467 99 
211 39 
427 33 
99 101 
39 186 
33 167 
101 242 
186 436 
167 420 
242 2 
436 244 
420 351 
2 94 
244 361 
351 49 
94 297 
361 243 
49 22 
297 408 
243 377 
22 392 
408 138 
377 61 
392 347 
138 254 
61 257 
347 14 
254 409 
257 193 
14 403 
409 290 
193 173 
403 164 
290 208 
173 79 
164 230 
208 303 
79 380 
230 216 
303 481 
380 417 
216 456 
481 414 
417 176 
456 175 
414 262 
176 151 
175 425 
262 383 
151 430 
425 422 
383 358 
430 498 
422 491 
358 423 
498 169 
491 428 
423 318 
169 54 
428 310 
318 60 
54 179 
310 407 
60 352 
179 4 
407 450 
352 349 
4 229 
450 258 
349 228 
229 69 
258 337 
228 189 
69 336 
337 447 
189 344 
336 172 
447 350 
344 89 
172 103 
350 300 
89 82 
103 454 
300 484 
82 458 
454 70 
484 156 
458 440 
70 322 
156 106 
440 166 
322 465 
106 342 
166 145 
465 461 
342 135 
145 81 
461 426 
135 111 
81 388 
426 472 
111 152 
388 74 
472 161 
152 92 
74 360 
161 50 
92 328 
360 149 
50 13 
328 96 
149 8 
13 53 
96 187 
8 288 
53 306 
187 280 
288 63 
306 277 
280 333 
63 23 
277 421 
333 494 
23 19 
421 97 
494 234 
19 375 
97 80 
234 40 
237 442 
