200 397
65 87 
87 4 
4 198 
198 142 
142 64 
64 172 
172 161 
161 121 
121 137 
137 189 
189 134 
134 110 
110 174 
174 103 
103 129 
129 170 
170 88 
88 93 
93 20 
20 81 
81 22 
22 146 
146 98 
98 24 
24 163 
163 68 
68 155 
155 77 
77 195 
195 135 
135 58 
58 15 
15 90 
90 74 
74 138 
138 70 
70 38 
38 71 
71 33 
33 47 
47 128 
128 151 
151 52 
52 56 
56 69 
69 26 
26 48 
48 44 
44 6 
6 14 
14 153 
153 191 
191 182 
182 62 
62 102 
102 132 
132 108 
108 196 
196 86 
86 173 
173 181 
181 194 
194 124 
124 16 
16 27 
27 186 
186 3 
3 106 
106 166 
166 63 
63 180 
180 91 
91 152 
152 115 
115 159 
159 9 
9 51 
51 160 
160 46 
46 167 
167 122 
122 17 
17 30 
30 131 
131 158 
158 192 
192 61 
61 178 
178 78 
78 109 
109 92 
92 197 
197 76 
76 73 
73 59 
59 184 
184 176 
176 50 
50 100 
100 80 
80 79 
79 199 
199 25 
25 149 
149 183 
183 116 
116 8 
8 125 
125 187 
187 60 
60 2 
2 35 
35 185 
185 119 
119 117 
117 190 
190 123 
123 118 
118 112 
112 21 
21 96 
96 150 
150 85 
85 40 
40 43 
43 12 
12 162 
162 95 
95 54 
54 99 
99 140 
140 147 
147 126 
126 175 
175 32 
32 57 
57 34 
34 168 
168 89 
89 113 
113 127 
127 188 
188 156 
156 114 
114 145 
145 104 
104 148 
148 19 
19 55 
55 13 
13 171 
171 154 
154 66 
66 84 
84 144 
144 157 
157 42 
42 7 
7 1 
1 28 
28 141 
141 143 
143 139 
139 11 
11 36 
36 165 
165 39 
39 72 
72 18 
18 177 
177 53 
53 136 
136 130 
130 164 
164 5 
5 29 
29 94 
94 31 
31 82 
82 179 
179 97 
97 10 
10 111 
111 105 
105 49 
49 37 
37 23 
23 200 
200 75 
75 83 
83 107 
107 67 
67 169 
169 101 
101 41 
41 133 
133 193 
193 120 
120 45 
65 198 
87 142 
4 64 
198 172 
142 161 
64 121 
172 137 
161 189 
121 134 
137 110 
189 174 
134 103 
110 129 
174 170 
103 88 
129 93 
170 20 
88 81 
93 22 
20 146 
81 98 
22 24 
146 163 
98 68 
24 155 
163 77 
68 195 
155 135 
77 58 
195 15 
135 90 
58 74 
15 138 
90 70 
74 38 
138 71 
70 33 
38 47 
71 128 
33 151 
47 52 
128 56 
151 69 
52 26 
56 48 
69 44 
26 6 
48 14 
44 153 
6 191 
14 182 
153 62 
191 102 
182 132 
62 108 
102 196 
132 86 
108 173 
196 181 
86 194 
173 124 
181 16 
194 27 
124 186 
16 3 
27 106 
186 166 
3 63 
106 180 
166 91 
63 152 
180 115 
91 159 
152 9 
115 51 
159 160 
9 46 
51 167 
160 122 
46 17 
167 30 
122 131 
17 158 
30 192 
131 61 
158 178 
192 78 
61 109 
178 92 
78 197 
109 76 
92 73 
197 59 
76 184 
73 176 
59 50 
184 100 
176 80 
50 79 
100 199 
80 25 
79 149 
199 183 
25 116 
149 8 
183 125 
116 187 
8 60 
125 2 
187 35 
60 185 
2 119 
35 117 
185 190 
119 123 
117 118 
190 112 
123 21 
118 96 
112 150 
21 85 
96 40 
150 43 
85 12 
40 162 
43 95 
12 54 
162 99 
95 140 
54 147 
99 126 
140 175 
147 32 
126 57 
175 34 
32 168 
57 89 
34 113 
168 127 
89 188 
113 156 
127 114 
188 145 
156 104 
114 148 
145 19 
104 55 
148 13 
19 171 
55 154 
13 66 
171 84 
154 144 
66 157 
84 42 
144 7 
157 1 
42 28 
7 141 
1 143 
28 139 
141 11 
143 36 
139 165 
11 39 
36 72 
165 18 
39 177 
72 53 
18 136 
177 130 
53 164 
136 5 
130 29 
164 94 
5 31 
29 82 
94 179 
31 97 
82 10 
179 111 
97 105 
10 49 
111 37 
105 23 
49 200 
37 75 
23 83 
200 107 
75 67 
83 169 
107 101 
67 41 
169 133 
101 193 
41 120 
133 45 
191 196 
