2000 3997
636 2 
2 779 
779 1285 
1285 77 
77 1211 
1211 5 
5 839 
839 888 
888 1622 
1622 961 
961 861 
861 760 
760 1070 
1070 737 
737 211 
211 1819 
1819 1549 
1549 313 
313 1469 
1469 1613 
1613 153 
153 1361 
1361 1822 
1822 632 
632 384 
384 27 
27 28 
28 601 
601 879 
879 1712 
1712 1239 
1239 1458 
1458 1379 
1379 520 
520 213 
213 1638 
1638 38 
38 1749 
1749 1957 
1957 1987 
1987 1733 
1733 134 
134 1396 
1396 936 
936 1189 
1189 1157 
1157 872 
872 1106 
1106 467 
467 1040 
1040 443 
443 354 
354 376 
376 1857 
1857 824 
824 194 
194 1221 
1221 1036 
1036 546 
546 1333 
1333 1158 
1158 516 
516 816 
816 508 
508 1231 
1231 1300 
1300 1390 
1390 1433 
1433 298 
298 796 
796 491 
491 1986 
1986 206 
206 591 
591 58 
58 1449 
1449 1884 
1884 1653 
1653 920 
920 419 
419 1403 
1403 151 
151 378 
378 669 
669 34 
34 994 
994 925 
925 1 
1 552 
552 1585 
1585 1476 
1476 853 
853 1966 
1966 941 
941 96 
96 937 
937 1677 
1677 864 
864 177 
177 1947 
1947 1217 
1217 103 
103 1833 
1833 1707 
1707 1242 
1242 150 
150 548 
548 699 
699 544 
544 703 
703 233 
233 1609 
1609 617 
617 1780 
1780 45 
45 1200 
1200 257 
257 675 
675 272 
272 590 
590 1092 
1092 1862 
1862 124 
124 245 
245 541 
541 930 
930 433 
433 1978 
1978 1781 
1781 1832 
1832 662 
662 3 
3 687 
687 901 
901 1023 
1023 1818 
1818 138 
138 633 
633 140 
140 236 
236 1703 
1703 1291 
1291 173 
173 1138 
1138 551 
551 1071 
1071 311 
311 370 
370 1146 
1146 806 
806 1881 
1881 14 
14 1128 
1128 26 
26 953 
953 1012 
1012 1581 
1581 1916 
1916 1119 
1119 1426 
1426 1171 
1171 191 
191 71 
71 350 
350 746 
746 1750 
1750 1836 
1836 1925 
1925 1355 
1355 1219 
1219 172 
172 126 
126 1386 
1386 918 
918 868 
868 1573 
1573 1437 
1437 1800 
1800 797 
797 982 
982 1261 
1261 1218 
1218 1326 
1326 1167 
1167 1108 
1108 1279 
1279 1081 
1081 656 
656 666 
666 750 
750 87 
87 1773 
1773 1474 
1474 1384 
1384 196 
196 629 
629 198 
198 570 
570 1130 
1130 874 
874 411 
411 594 
594 1741 
1741 209 
209 963 
963 477 
477 1011 
1011 564 
564 145 
145 146 
146 831 
831 916 
916 82 
82 647 
647 1084 
1084 383 
383 457 
457 1213 
1213 220 
220 1588 
1588 438 
438 314 
314 975 
975 1429 
1429 1715 
1715 1455 
1455 1391 
1391 294 
294 174 
174 1018 
1018 1851 
1851 1826 
1826 139 
139 886 
886 855 
855 449 
449 366 
366 269 
269 452 
452 224 
224 1427 
1427 1521 
1521 76 
76 622 
622 513 
513 184 
184 830 
830 989 
989 841 
841 673 
673 645 
645 891 
891 18 
18 1210 
1210 1301 
1301 725 
725 485 
485 1719 
1719 260 
260 48 
48 1381 
1381 530 
530 264 
264 97 
97 329 
329 1900 
1900 1876 
1876 1601 
1601 933 
933 1466 
1466 747 
747 1029 
1029 1530 
1530 1186 
1186 1753 
1753 966 
966 1196 
1196 367 
367 857 
857 1339 
1339 1365 
1365 391 
391 1961 
1961 120 
120 913 
913 1432 
1432 288 
288 1887 
1887 965 
965 1928 
1928 1830 
1830 517 
517 355 
355 742 
742 1743 
1743 51 
51 554 
554 1045 
1045 655 
655 441 
441 771 
771 1297 
1297 361 
361 147 
147 1422 
1422 927 
927 1493 
1493 637 
637 900 
900 1723 
1723 1973 
1973 254 
254 1681 
1681 1932 
1932 1496 
1496 385 
385 1296 
1296 871 
871 320 
320 277 
277 322 
322 787 
787 1969 
1969 293 
293 1006 
1006 1460 
1460 328 
328 1176 
1176 598 
598 1064 
1064 219 
219 962 
962 1357 
1357 1844 
1844 1801 
1801 896 
896 1059 
1059 599 
599 125 
125 1661 
1661 342 
342 1056 
1056 783 
783 1909 
1909 1267 
1267 1630 
1630 1511 
1511 312 
312 1673 
1673 881 
881 805 
805 1255 
1255 1440 
1440 902 
902 1793 
1793 733 
733 358 
358 1804 
1804 1113 
1113 1394 
1394 362 
362 870 
870 744 
744 228 
228 1500 
1500 559 
559 152 
152 1453 
1453 534 
534 668 
668 1765 
1765 1952 
1952 1345 
1345 309 
309 1405 
1405 175 
175 317 
317 1072 
1072 380 
380 911 
911 1831 
1831 1033 
1033 712 
712 1674 
1674 693 
693 1886 
1886 1198 
1198 446 
446 665 
665 890 
890 1144 
1144 1208 
1208 1543 
1543 1725 
1725 2000 
2000 1795 
1795 114 
114 1251 
1251 1122 
1122 1769 
1769 1814 
1814 778 
778 763 
763 1505 
1505 1875 
1875 1633 
1633 20 
20 1324 
1324 181 
181 1159 
1159 401 
401 1976 
1976 835 
835 218 
218 470 
470 1864 
1864 156 
156 1417 
1417 484 
484 1898 
1898 1016 
1016 952 
952 456 
456 1557 
1557 912 
912 566 
566 1283 
1283 44 
44 42 
42 1837 
1837 1446 
1446 583 
583 1435 
1435 1284 
1284 807 
807 1226 
1226 1579 
1579 340 
340 1695 
1695 740 
740 619 
619 756 
756 223 
223 435 
435 1669 
1669 234 
234 1151 
1151 798 
798 1855 
1855 1846 
1846 867 
867 895 
895 202 
202 1093 
1093 1375 
1375 775 
775 458 
458 1994 
1994 89 
89 386 
386 325 
325 1724 
1724 781 
781 359 
359 1716 
1716 762 
762 504 
504 1383 
1383 626 
626 363 
363 1275 
1275 817 
817 1486 
1486 802 
802 883 
883 1595 
1595 478 
478 1233 
1233 480 
480 860 
860 1298 
1298 914 
914 1095 
1095 1554 
1554 1679 
1679 680 
680 1998 
1998 1459 
1459 1880 
1880 1008 
1008 1199 
1199 1605 
1605 649 
649 1785 
1785 1937 
1937 238 
238 1734 
1734 195 
195 942 
942 1981 
1981 1572 
1572 786 
786 1597 
1597 90 
90 396 
396 130 
130 1645 
1645 862 
862 695 
695 1471 
1471 512 
512 414 
414 1904 
1904 1667 
1667 133 
133 1413 
1413 1558 
1558 1451 
1451 499 
499 1512 
1512 178 
178 1566 
1566 848 
848 1671 
1671 1329 
1329 1578 
1578 412 
412 166 
166 1797 
1797 1237 
1237 1841 
1841 1123 
1123 409 
409 532 
532 826 
826 685 
685 976 
976 1599 
1599 1742 
1742 644 
644 41 
41 486 
486 801 
801 1529 
1529 1871 
1871 1944 
1944 1118 
1118 404 
404 550 
550 708 
708 1502 
1502 1803 
1803 1002 
1002 1829 
1829 338 
338 1996 
1996 1763 
1763 1934 
1934 609 
609 371 
371 556 
556 1551 
1551 464 
464 336 
336 698 
698 1731 
1731 1026 
1026 1068 
1068 1292 
1292 1541 
1541 1030 
1030 271 
271 833 
833 199 
199 1870 
1870 674 
674 1726 
1726 1246 
1246 1256 
1256 1623 
1623 582 
582 327 
327 984 
984 351 
351 204 
204 461 
461 1710 
1710 1587 
1587 769 
769 79 
79 827 
827 1652 
1652 186 
186 1569 
1569 788 
788 482 
482 255 
255 1197 
1197 1152 
1152 39 
39 837 
837 847 
847 1995 
1995 1181 
1181 1491 
1491 450 
450 78 
78 1528 
1528 1132 
1132 101 
101 612 
612 1313 
1313 1686 
1686 511 
511 1484 
1484 241 
241 618 
618 1683 
1683 1853 
1853 331 
331 1913 
1913 1632 
1632 905 
905 1428 
1428 1517 
1517 723 
723 132 
132 168 
168 1409 
1409 715 
715 99 
99 838 
838 266 
266 1835 
1835 1492 
1492 641 
641 730 
730 1890 
1890 682 
682 692 
692 24 
24 1421 
1421 939 
939 1265 
1265 304 
304 83 
83 1145 
1145 846 
846 1003 
1003 1371 
1371 889 
889 148 
148 1536 
1536 940 
940 200 
200 1920 
1920 323 
323 519 
519 1621 
1621 1658 
1658 1087 
1087 1657 
1657 664 
664 897 
897 1049 
1049 1442 
1442 1696 
1696 1713 
1713 1949 
1949 607 
607 672 
672 276 
276 1775 
1775 1320 
1320 608 
608 1066 
1066 678 
678 758 
758 216 
216 1982 
1982 789 
789 979 
979 399 
399 59 
59 1873 
1873 1046 
1046 1700 
1700 1336 
1336 49 
49 700 
700 1436 
1436 1704 
1704 416 
416 1472 
1472 1495 
1495 1968 
1968 653 
653 1869 
1869 1666 
1666 1173 
1173 702 
702 1655 
1655 908 
908 866 
866 474 
474 111 
111 741 
741 347 
347 1672 
1672 16 
16 430 
430 1480 
1480 1388 
1388 1607 
1607 506 
506 1438 
1438 718 
718 1676 
1676 1861 
1861 1979 
1979 1319 
1319 47 
47 406 
406 1688 
1688 1121 
1121 1341 
1341 1485 
1485 492 
492 251 
251 1454 
1454 415 
415 1363 
1363 1415 
1415 369 
369 885 
885 924 
924 1192 
1192 596 
596 1752 
1752 1694 
1694 1290 
1290 346 
346 1252 
1252 845 
845 755 
755 1565 
1565 553 
553 1738 
1738 1100 
1100 282 
282 15 
15 167 
167 754 
754 1827 
1827 1184 
1184 1102 
1102 1649 
1649 400 
400 726 
726 611 
611 1654 
1654 688 
688 462 
462 1820 
1820 915 
915 1680 
1680 791 
791 471 
471 814 
814 623 
623 1014 
1014 1034 
1034 919 
919 402 
402 1762 
1762 638 
638 713 
713 1535 
1535 793 
793 1817 
1817 84 
84 62 
62 1193 
1193 1506 
1506 142 
142 444 
444 739 
739 765 
765 1747 
1747 1828 
1828 1693 
1693 526 
526 9 
9 1935 
1935 123 
123 1425 
1425 1929 
1929 481 
481 800 
800 1856 
1856 1867 
1867 1166 
1166 804 
804 341 
341 421 
421 1063 
1063 1882 
1882 1060 
1060 1044 
1044 398 
398 899 
899 679 
679 1206 
1206 1340 
1340 160 
160 624 
624 960 
960 1648 
1648 820 
820 1744 
1744 392 
392 811 
811 958 
958 190 
190 1165 
1165 1859 
1859 1499 
1499 1510 
1510 893 
893 113 
113 586 
586 1315 
1315 748 
748 54 
54 68 
68 690 
690 661 
661 1545 
1545 840 
840 1334 
1334 137 
137 743 
743 536 
536 69 
69 73 
73 851 
851 1701 
1701 604 
604 453 
453 284 
284 894 
894 29 
29 501 
501 1085 
1085 1849 
1849 1584 
1584 706 
706 1617 
1617 1268 
1268 1057 
1057 1456 
1456 917 
917 1702 
1702 956 
956 275 
275 465 
465 575 
575 1897 
1897 1662 
1662 1353 
1353 1310 
1310 667 
667 528 
528 280 
280 171 
171 117 
117 1077 
1077 1317 
1317 1659 
1659 858 
858 543 
543 454 
454 1865 
1865 296 
296 442 
442 1444 
1444 1042 
1042 929 
929 88 
88 185 
185 670 
670 1619 
1619 567 
567 1740 
1740 996 
996 555 
555 898 
898 1771 
1771 1892 
1892 1794 
1794 1393 
1393 1230 
1230 259 
259 1926 
1926 1555 
1555 945 
945 1410 
1410 339 
339 1852 
1852 1823 
1823 1878 
1878 1799 
1799 732 
732 214 
214 884 
884 1717 
1717 475 
475 972 
972 348 
348 1162 
1162 1905 
1905 1985 
1985 600 
600 1755 
1755 1997 
1997 1560 
1560 865 
865 1896 
1896 1288 
1288 1062 
1062 784 
784 694 
694 468 
468 1910 
1910 1117 
1117 1497 
1497 1513 
1513 1848 
1848 273 
273 1263 
1263 1637 
1637 476 
476 410 
410 627 
627 1919 
1919 1083 
1083 938 
938 1594 
1594 1082 
1082 1564 
1564 1293 
1293 1387 
1387 593 
593 1483 
1483 22 
22 303 
303 1756 
1756 926 
926 1479 
1479 1346 
1346 995 
995 957 
957 324 
324 535 
535 620 
620 1533 
1533 967 
967 904 
904 212 
212 494 
494 1035 
1035 1349 
1349 686 
686 1815 
1815 1899 
1899 834 
834 1708 
1708 524 
524 621 
621 968 
968 1160 
1160 1962 
1962 230 
230 1514 
1514 86 
86 1222 
1222 1377 
1377 1412 
1412 193 
193 1515 
1515 1843 
1843 1927 
1927 1244 
1244 928 
928 876 
876 642 
642 502 
502 1689 
1689 1721 
1721 1568 
1568 828 
828 1343 
1343 1542 
1542 1236 
1236 1527 
1527 1766 
1766 1532 
1532 118 
118 40 
40 420 
420 1175 
1175 542 
542 393 
393 1305 
1305 417 
417 1258 
1258 1241 
1241 1020 
1020 832 
832 1216 
1216 252 
252 1906 
1906 822 
822 1641 
1641 1399 
1399 1307 
1307 1974 
1974 1047 
1047 1475 
1475 1337 
1337 1467 
1467 1235 
1235 717 
717 1228 
1228 1779 
1779 1269 
1269 1936 
1936 208 
208 295 
295 1031 
1031 571 
571 1262 
1262 635 
635 155 
155 445 
445 95 
95 1768 
1768 1525 
1525 1948 
1948 659 
659 345 
345 164 
164 1131 
1131 579 
579 356 
356 418 
418 1058 
1058 648 
648 1376 
1376 1116 
1116 246 
246 1761 
1761 774 
774 1074 
1074 1037 
1037 381 
381 448 
448 92 
92 1050 
1050 1487 
1487 1163 
1163 6 
6 413 
413 1574 
1574 30 
30 794 
794 179 
179 157 
157 1964 
1964 397 
397 549 
549 1358 
1358 466 
466 1401 
1401 1445 
1445 1792 
1792 1965 
1965 1201 
1201 1728 
1728 1327 
1327 1120 
1120 1079 
1079 935 
935 1321 
1321 1243 
1243 64 
64 1249 
1249 1788 
1788 1247 
1247 7 
7 1840 
1840 1550 
1550 877 
877 100 
100 614 
614 507 
507 321 
321 299 
299 316 
316 1908 
1908 17 
17 1450 
1450 1129 
1129 500 
500 689 
689 1097 
1097 697 
697 1810 
1810 1312 
1312 1592 
1592 1663 
1663 94 
94 1124 
1124 1993 
1993 1452 
1452 999 
999 344 
344 1344 
1344 104 
104 162 
162 35 
35 578 
578 1134 
1134 256 
256 1073 
1073 1053 
1053 646 
646 1443 
1443 615 
615 373 
373 1142 
1142 389 
389 1174 
1174 1802 
1802 980 
980 308 
308 207 
207 459 
459 749 
749 640 
640 1813 
1813 1522 
1522 122 
122 407 
407 521 
521 859 
859 1945 
1945 1914 
1914 1570 
1570 375 
375 1821 
1821 1938 
1938 1789 
1789 799 
799 32 
32 1682 
1682 1032 
1032 53 
53 1170 
1170 1958 
1958 1727 
1727 1369 
1369 75 
75 1612 
1612 1791 
1791 333 
333 1362 
1362 1567 
1567 106 
106 72 
72 1318 
1318 131 
131 1214 
1214 1299 
1299 364 
364 1271 
1271 1276 
1276 1303 
1303 221 
221 278 
278 998 
998 714 
714 1364 
1364 1309 
1309 1953 
1953 349 
349 479 
479 878 
878 892 
892 854 
854 1845 
1845 248 
248 1204 
1204 1745 
1745 55 
55 616 
616 808 
808 1194 
1194 1331 
1331 129 
129 1706 
1706 514 
514 143 
143 531 
531 493 
493 1860 
1860 427 
427 1534 
1534 812 
812 163 
163 11 
11 1306 
1306 1620 
1620 1090 
1090 1461 
1461 107 
107 265 
265 1883 
1883 227 
227 1650 
1650 306 
306 290 
290 226 
226 1879 
1879 1796 
1796 790 
790 1685 
1685 707 
707 1600 
1600 1809 
1809 170 
170 1777 
1777 1017 
1017 681 
681 154 
154 387 
387 440 
440 589 
589 949 
949 770 
770 1041 
1041 1414 
1414 1254 
1254 923 
923 1687 
1687 1088 
1088 1272 
1272 1250 
1250 987 
987 141 
141 1351 
1351 934 
934 1539 
1539 1729 
1729 318 
318 810 
810 1109 
1109 538 
538 1562 
1562 1103 
1103 149 
149 988 
988 353 
353 803 
803 728 
728 1582 
1582 719 
719 1783 
1783 63 
63 1553 
1553 1509 
1509 428 
428 1992 
1992 102 
102 1110 
1110 1610 
1610 80 
80 1356 
1356 1776 
1776 1005 
1005 203 
203 180 
180 33 
33 643 
643 1825 
1825 825 
825 1183 
1183 1915 
1915 683 
683 985 
985 1718 
1718 1207 
1207 1304 
1304 909 
909 1400 
1400 1748 
1748 488 
488 767 
767 1697 
1697 128 
128 1039 
1039 634 
634 1314 
1314 722 
722 36 
36 1598 
1598 112 
112 424 
424 368 
368 1589 
1589 1668 
1668 569 
569 487 
487 1838 
1838 1614 
1614 352 
352 1328 
1328 1615 
1615 922 
922 1643 
1643 52 
52 974 
974 23 
23 547 
547 1975 
1975 1547 
1547 944 
944 721 
721 1907 
1907 287 
287 240 
240 577 
577 1805 
1805 1302 
1302 932 
932 176 
176 1348 
1348 1930 
1930 1603 
1603 1004 
1004 1067 
1067 1665 
1665 21 
21 460 
460 652 
652 1143 
1143 1644 
1644 291 
291 1518 
1518 785 
785 729 
729 1273 
1273 1257 
1257 1089 
1089 595 
595 250 
250 1590 
1590 1021 
1021 1266 
1266 561 
561 1372 
1372 1576 
1576 1374 
1374 1991 
1991 510 
510 1322 
1322 1316 
1316 1577 
1577 1380 
1380 625 
625 1468 
1468 1858 
1858 631 
631 1618 
1618 56 
56 1488 
1488 1141 
1141 606 
606 231 
231 1112 
1112 127 
127 815 
815 1457 
1457 1678 
1678 1709 
1709 1628 
1628 734 
734 1891 
1891 959 
959 343 
343 710 
710 422 
422 735 
735 439 
439 724 
724 873 
873 1408 
1408 829 
829 704 
704 1169 
1169 1972 
1972 842 
842 1660 
1660 1807 
1807 1524 
1524 1153 
1153 1038 
1038 1025 
1025 1418 
1418 1180 
1180 875 
875 37 
37 1639 
1639 1988 
1988 242 
242 1389 
1389 1786 
1786 1338 
1338 1863 
1863 545 
545 268 
268 1104 
1104 1139 
1139 565 
565 360 
360 1963 
1963 270 
270 906 
906 1591 
1591 1052 
1052 1611 
1611 1811 
1811 286 
286 4 
4 1888 
1888 990 
990 1448 
1448 1563 
1563 503 
503 1191 
1191 1382 
1382 525 
525 1178 
1178 823 
823 836 
836 490 
490 455 
455 279 
279 1147 
1147 1061 
1061 1462 
1462 1187 
1187 1280 
1280 1406 
1406 1504 
1504 188 
188 1519 
1519 108 
108 1470 
1470 597 
597 330 
330 388 
388 527 
527 1940 
1940 882 
882 1463 
1463 1586 
1586 1759 
1759 1352 
1352 247 
247 1482 
1482 1583 
1583 1816 
1816 903 
903 1051 
1051 856 
856 795 
795 1722 
1722 766 
766 1983 
1983 1342 
1342 1758 
1758 1808 
1808 1215 
1215 243 
243 993 
993 1264 
1264 1411 
1411 1281 
1281 1847 
1847 1885 
1885 13 
13 1924 
1924 1248 
1248 258 
258 217 
217 98 
98 326 
326 135 
135 1274 
1274 1190 
1190 1024 
1024 43 
43 1069 
1069 1625 
1625 1209 
1209 1229 
1229 1354 
1354 1921 
1921 1055 
1055 977 
977 1850 
1850 283 
283 267 
267 1172 
1172 1148 
1148 1770 
1770 522 
522 1398 
1398 1640 
1640 1360 
1360 110 
110 483 
483 1294 
1294 1464 
1464 1720 
1720 1538 
1538 1699 
1699 1971 
1971 568 
568 436 
436 1022 
1022 1065 
1065 580 
580 1126 
1126 573 
573 498 
498 463 
463 1431 
1431 654 
654 1784 
1784 61 
61 1494 
1494 1224 
1224 1395 
1395 1441 
1441 752 
752 1651 
1651 1508 
1508 1739 
1739 907 
907 1424 
1424 116 
116 1404 
1404 1946 
1946 1423 
1423 332 
332 1626 
1626 374 
374 711 
711 1690 
1690 1135 
1135 1627 
1627 1465 
1465 1240 
1240 301 
301 1477 
1477 1490 
1490 1580 
1580 1774 
1774 319 
319 66 
66 315 
315 992 
992 1546 
1546 943 
943 372 
372 557 
557 67 
67 1498 
1498 533 
533 581 
581 1225 
1225 677 
677 560 
560 1959 
1959 408 
408 1624 
1624 1161 
1161 1746 
1746 1234 
1234 357 
357 1385 
1385 1602 
1602 1834 
1834 1332 
1332 1894 
1894 1787 
1787 603 
603 1705 
1705 850 
850 1478 
1478 1481 
1481 1220 
1220 307 
307 496 
496 1872 
1872 650 
650 1115 
1115 187 
187 1434 
1434 1416 
1416 337 
337 1839 
1839 792 
792 782 
782 1232 
1232 1714 
1714 1013 
1013 887 
887 1782 
1782 25 
25 1647 
1647 948 
948 1636 
1636 1430 
1430 1359 
1359 431 
431 249 
249 971 
971 736 
736 201 
201 10 
10 8 
8 57 
57 1596 
1596 1330 
1330 1177 
1177 235 
235 161 
161 390 
390 574 
574 46 
46 986 
986 768 
768 1737 
1737 262 
262 1202 
1202 676 
676 1009 
1009 1094 
1094 244 
244 1154 
1154 1101 
1101 1212 
1212 1111 
1111 12 
12 753 
753 1347 
1347 761 
761 1923 
1923 281 
281 592 
592 1956 
1956 237 
237 991 
991 1295 
1295 115 
115 70 
70 537 
537 1503 
1503 964 
964 588 
588 1698 
1698 1684 
1684 587 
587 1397 
1397 1520 
1520 426 
426 1000 
1000 1692 
1692 1757 
1757 183 
183 1735 
1735 950 
950 1990 
1990 628 
628 1245 
1245 1806 
1806 630 
630 705 
705 776 
776 1392 
1392 745 
745 1075 
1075 473 
473 1054 
1054 518 
518 1767 
1767 1642 
1642 60 
60 947 
947 572 
572 1227 
1227 1989 
1989 869 
869 334 
334 1540 
1540 1751 
1751 1323 
1323 1593 
1593 780 
780 1308 
1308 978 
978 1575 
1575 1646 
1646 377 
377 983 
983 1730 
1730 1048 
1048 1732 
1732 144 
144 91 
91 1114 
1114 1182 
1182 302 
302 844 
844 1010 
1010 1489 
1489 691 
691 497 
497 602 
602 954 
954 205 
205 731 
731 437 
437 1473 
1473 1523 
1523 576 
576 1842 
1842 1877 
1877 1556 
1556 253 
253 1874 
1874 425 
425 970 
970 50 
50 109 
109 1760 
1760 684 
684 403 
403 1943 
1943 297 
297 1917 
1917 727 
727 1911 
1911 1402 
1402 119 
119 1133 
1133 472 
472 1270 
1270 1552 
1552 777 
777 1419 
1419 274 
274 1754 
1754 529 
529 1091 
1091 159 
159 738 
738 447 
447 1164 
1164 1188 
1188 505 
505 1378 
1378 1954 
1954 819 
819 1691 
1691 1629 
1629 232 
232 263 
263 1942 
1942 1950 
1950 1772 
1772 1955 
1955 1902 
1902 1571 
1571 335 
335 562 
562 182 
182 1007 
1007 523 
523 229 
229 365 
365 1918 
1918 1156 
1156 261 
261 1501 
1501 1999 
1999 558 
558 1253 
1253 1150 
1150 1350 
1350 222 
222 1277 
1277 1656 
1656 1866 
1866 720 
720 19 
19 451 
451 955 
955 1664 
1664 1824 
1824 489 
489 81 
81 863 
863 843 
843 1951 
1951 671 
671 1086 
1086 610 
610 1606 
1606 946 
946 1635 
1635 1711 
1711 1420 
1420 1977 
1977 663 
663 1015 
1015 158 
158 121 
121 1439 
1439 1778 
1778 651 
651 1260 
1260 1548 
1548 1736 
1736 1289 
1289 1099 
1099 759 
759 434 
434 1670 
1670 1854 
1854 1105 
1105 197 
197 981 
981 585 
585 539 
539 379 
379 1149 
1149 751 
751 1223 
1223 469 
469 1368 
1368 772 
772 1675 
1675 225 
225 1764 
1764 809 
809 300 
300 1798 
1798 1812 
1812 1282 
1282 1507 
1507 660 
660 1027 
1027 1447 
1447 382 
382 1526 
1526 509 
509 515 
515 1931 
1931 1933 
1933 285 
285 658 
658 1001 
1001 1531 
1531 709 
709 1367 
1367 192 
192 1286 
1286 1967 
1967 613 
613 973 
973 813 
813 910 
910 997 
997 405 
405 1939 
1939 1259 
1259 1127 
1127 1903 
1903 1895 
1895 432 
432 189 
189 1366 
1366 1889 
1889 849 
849 969 
969 716 
716 1912 
1912 1080 
1080 105 
105 1901 
1901 1185 
1185 584 
584 657 
657 1140 
1140 1537 
1537 605 
605 1078 
1078 818 
818 1790 
1790 239 
239 292 
292 1335 
1335 1922 
1922 639 
639 1203 
1203 1970 
1970 310 
310 821 
821 215 
215 1019 
1019 1544 
1544 136 
136 1373 
1373 289 
289 852 
852 1096 
1096 696 
696 1205 
1205 395 
395 429 
429 85 
85 563 
563 1155 
1155 1125 
1125 93 
93 169 
169 1076 
1076 1278 
1278 74 
74 394 
394 1287 
1287 1098 
1098 1561 
1561 1893 
1893 1370 
1370 1604 
1604 951 
951 1107 
1107 1407 
1407 1168 
1168 1559 
1559 757 
757 210 
210 1136 
1136 773 
773 1311 
1311 1608 
1608 495 
495 1028 
1028 701 
701 65 
65 423 
423 880 
880 1616 
1616 1980 
1980 31 
31 1043 
1043 921 
921 1984 
1984 1868 
1868 1325 
1325 165 
165 1631 
1631 1941 
1941 931 
931 1634 
1634 1195 
1195 1238 
1238 305 
305 764 
764 1137 
1137 1960 
1960 1516 
1516 540 
540 1179 
636 1285 
2 77 
779 1211 
1285 5 
77 839 
1211 888 
5 1622 
839 961 
888 861 
1622 760 
961 1070 
861 737 
760 211 
1070 1819 
737 1549 
211 313 
1819 1469 
1549 1613 
313 153 
1469 1361 
1613 1822 
153 632 
1361 384 
1822 27 
632 28 
384 601 
27 879 
28 1712 
601 1239 
879 1458 
1712 1379 
1239 520 
1458 213 
1379 1638 
520 38 
213 1749 
1638 1957 
38 1987 
1749 1733 
1957 134 
1987 1396 
1733 936 
134 1189 
1396 1157 
936 872 
1189 1106 
1157 467 
872 1040 
1106 443 
467 354 
1040 376 
443 1857 
354 824 
376 194 
1857 1221 
824 1036 
194 546 
1221 1333 
1036 1158 
546 516 
1333 816 
1158 508 
516 1231 
816 1300 
508 1390 
1231 1433 
1300 298 
1390 796 
1433 491 
298 1986 
796 206 
491 591 
1986 58 
206 1449 
591 1884 
58 1653 
1449 920 
1884 419 
1653 1403 
920 151 
419 378 
1403 669 
151 34 
378 994 
669 925 
34 1 
994 552 
925 1585 
1 1476 
552 853 
1585 1966 
1476 941 
853 96 
1966 937 
941 1677 
96 864 
937 177 
1677 1947 
864 1217 
177 103 
1947 1833 
1217 1707 
103 1242 
1833 150 
1707 548 
1242 699 
150 544 
548 703 
699 233 
544 1609 
703 617 
233 1780 
1609 45 
617 1200 
1780 257 
45 675 
1200 272 
257 590 
675 1092 
272 1862 
590 124 
1092 245 
1862 541 
124 930 
245 433 
541 1978 
930 1781 
433 1832 
1978 662 
1781 3 
1832 687 
662 901 
3 1023 
687 1818 
901 138 
1023 633 
1818 140 
138 236 
633 1703 
140 1291 
236 173 
1703 1138 
1291 551 
173 1071 
1138 311 
551 370 
1071 1146 
311 806 
370 1881 
1146 14 
806 1128 
1881 26 
14 953 
1128 1012 
26 1581 
953 1916 
1012 1119 
1581 1426 
1916 1171 
1119 191 
1426 71 
1171 350 
191 746 
71 1750 
350 1836 
746 1925 
1750 1355 
1836 1219 
1925 172 
1355 126 
1219 1386 
172 918 
126 868 
1386 1573 
918 1437 
868 1800 
1573 797 
1437 982 
1800 1261 
797 1218 
982 1326 
1261 1167 
1218 1108 
1326 1279 
1167 1081 
1108 656 
1279 666 
1081 750 
656 87 
666 1773 
750 1474 
87 1384 
1773 196 
1474 629 
1384 198 
196 570 
629 1130 
198 874 
570 411 
1130 594 
874 1741 
411 209 
594 963 
1741 477 
209 1011 
963 564 
477 145 
1011 146 
564 831 
145 916 
146 82 
831 647 
916 1084 
82 383 
647 457 
1084 1213 
383 220 
457 1588 
1213 438 
220 314 
1588 975 
438 1429 
314 1715 
975 1455 
1429 1391 
1715 294 
1455 174 
1391 1018 
294 1851 
174 1826 
1018 139 
1851 886 
1826 855 
139 449 
886 366 
855 269 
449 452 
366 224 
269 1427 
452 1521 
224 76 
1427 622 
1521 513 
76 184 
622 830 
513 989 
184 841 
830 673 
989 645 
841 891 
673 18 
645 1210 
891 1301 
18 725 
1210 485 
1301 1719 
725 260 
485 48 
1719 1381 
260 530 
48 264 
1381 97 
530 329 
264 1900 
97 1876 
329 1601 
1900 933 
1876 1466 
1601 747 
933 1029 
1466 1530 
747 1186 
1029 1753 
1530 966 
1186 1196 
1753 367 
966 857 
1196 1339 
367 1365 
857 391 
1339 1961 
1365 120 
391 913 
1961 1432 
120 288 
913 1887 
1432 965 
288 1928 
1887 1830 
965 517 
1928 355 
1830 742 
517 1743 
355 51 
742 554 
1743 1045 
51 655 
554 441 
1045 771 
655 1297 
441 361 
771 147 
1297 1422 
361 927 
147 1493 
1422 637 
927 900 
1493 1723 
637 1973 
900 254 
1723 1681 
1973 1932 
254 1496 
1681 385 
1932 1296 
1496 871 
385 320 
1296 277 
871 322 
320 787 
277 1969 
322 293 
787 1006 
1969 1460 
293 328 
1006 1176 
1460 598 
328 1064 
1176 219 
598 962 
1064 1357 
219 1844 
962 1801 
1357 896 
1844 1059 
1801 599 
896 125 
1059 1661 
599 342 
125 1056 
1661 783 
342 1909 
1056 1267 
783 1630 
1909 1511 
1267 312 
1630 1673 
1511 881 
312 805 
1673 1255 
881 1440 
805 902 
1255 1793 
1440 733 
902 358 
1793 1804 
733 1113 
358 1394 
1804 362 
1113 870 
1394 744 
362 228 
870 1500 
744 559 
228 152 
1500 1453 
559 534 
152 668 
1453 1765 
534 1952 
668 1345 
1765 309 
1952 1405 
1345 175 
309 317 
1405 1072 
175 380 
317 911 
1072 1831 
380 1033 
911 712 
1831 1674 
1033 693 
712 1886 
1674 1198 
693 446 
1886 665 
1198 890 
446 1144 
665 1208 
890 1543 
1144 1725 
1208 2000 
1543 1795 
1725 114 
2000 1251 
1795 1122 
114 1769 
1251 1814 
1122 778 
1769 763 
1814 1505 
778 1875 
763 1633 
1505 20 
1875 1324 
1633 181 
20 1159 
1324 401 
181 1976 
1159 835 
401 218 
1976 470 
835 1864 
218 156 
470 1417 
1864 484 
156 1898 
1417 1016 
484 952 
1898 456 
1016 1557 
952 912 
456 566 
1557 1283 
912 44 
566 42 
1283 1837 
44 1446 
42 583 
1837 1435 
1446 1284 
583 807 
1435 1226 
1284 1579 
807 340 
1226 1695 
1579 740 
340 619 
1695 756 
740 223 
619 435 
756 1669 
223 234 
435 1151 
1669 798 
234 1855 
1151 1846 
798 867 
1855 895 
1846 202 
867 1093 
895 1375 
202 775 
1093 458 
1375 1994 
775 89 
458 386 
1994 325 
89 1724 
386 781 
325 359 
1724 1716 
781 762 
359 504 
1716 1383 
762 626 
504 363 
1383 1275 
626 817 
363 1486 
1275 802 
817 883 
1486 1595 
802 478 
883 1233 
1595 480 
478 860 
1233 1298 
480 914 
860 1095 
1298 1554 
914 1679 
1095 680 
1554 1998 
1679 1459 
680 1880 
1998 1008 
1459 1199 
1880 1605 
1008 649 
1199 1785 
1605 1937 
649 238 
1785 1734 
1937 195 
238 942 
1734 1981 
195 1572 
942 786 
1981 1597 
1572 90 
786 396 
1597 130 
90 1645 
396 862 
130 695 
1645 1471 
862 512 
695 414 
1471 1904 
512 1667 
414 133 
1904 1413 
1667 1558 
133 1451 
1413 499 
1558 1512 
1451 178 
499 1566 
1512 848 
178 1671 
1566 1329 
848 1578 
1671 412 
1329 166 
1578 1797 
412 1237 
166 1841 
1797 1123 
1237 409 
1841 532 
1123 826 
409 685 
532 976 
826 1599 
685 1742 
976 644 
1599 41 
1742 486 
644 801 
41 1529 
486 1871 
801 1944 
1529 1118 
1871 404 
1944 550 
1118 708 
404 1502 
550 1803 
708 1002 
1502 1829 
1803 338 
1002 1996 
1829 1763 
338 1934 
1996 609 
1763 371 
1934 556 
609 1551 
371 464 
556 336 
1551 698 
464 1731 
336 1026 
698 1068 
1731 1292 
1026 1541 
1068 1030 
1292 271 
1541 833 
1030 199 
271 1870 
833 674 
199 1726 
1870 1246 
674 1256 
1726 1623 
1246 582 
1256 327 
1623 984 
582 351 
327 204 
984 461 
351 1710 
204 1587 
461 769 
1710 79 
1587 827 
769 1652 
79 186 
827 1569 
1652 788 
186 482 
1569 255 
788 1197 
482 1152 
255 39 
1197 837 
1152 847 
39 1995 
837 1181 
847 1491 
1995 450 
1181 78 
1491 1528 
450 1132 
78 101 
1528 612 
1132 1313 
101 1686 
612 511 
1313 1484 
1686 241 
511 618 
1484 1683 
241 1853 
618 331 
1683 1913 
1853 1632 
331 905 
1913 1428 
1632 1517 
905 723 
1428 132 
1517 168 
723 1409 
132 715 
168 99 
1409 838 
715 266 
99 1835 
838 1492 
266 641 
1835 730 
1492 1890 
641 682 
730 692 
1890 24 
682 1421 
692 939 
24 1265 
1421 304 
939 83 
1265 1145 
304 846 
83 1003 
1145 1371 
846 889 
1003 148 
1371 1536 
889 940 
148 200 
1536 1920 
940 323 
200 519 
1920 1621 
323 1658 
519 1087 
1621 1657 
1658 664 
1087 897 
1657 1049 
664 1442 
897 1696 
1049 1713 
1442 1949 
1696 607 
1713 672 
1949 276 
607 1775 
672 1320 
276 608 
1775 1066 
1320 678 
608 758 
1066 216 
678 1982 
758 789 
216 979 
1982 399 
789 59 
979 1873 
399 1046 
59 1700 
1873 1336 
1046 49 
1700 700 
1336 1436 
49 1704 
700 416 
1436 1472 
1704 1495 
416 1968 
1472 653 
1495 1869 
1968 1666 
653 1173 
1869 702 
1666 1655 
1173 908 
702 866 
1655 474 
908 111 
866 741 
474 347 
111 1672 
741 16 
347 430 
1672 1480 
16 1388 
430 1607 
1480 506 
1388 1438 
1607 718 
506 1676 
1438 1861 
718 1979 
1676 1319 
1861 47 
1979 406 
1319 1688 
47 1121 
406 1341 
1688 1485 
1121 492 
1341 251 
1485 1454 
492 415 
251 1363 
1454 1415 
415 369 
1363 885 
1415 924 
369 1192 
885 596 
924 1752 
1192 1694 
596 1290 
1752 346 
1694 1252 
1290 845 
346 755 
1252 1565 
845 553 
755 1738 
1565 1100 
553 282 
1738 15 
1100 167 
282 754 
15 1827 
167 1184 
754 1102 
1827 1649 
1184 400 
1102 726 
1649 611 
400 1654 
726 688 
611 462 
1654 1820 
688 915 
462 1680 
1820 791 
915 471 
1680 814 
791 623 
471 1014 
814 1034 
623 919 
1014 402 
1034 1762 
919 638 
402 713 
1762 1535 
638 793 
713 1817 
1535 84 
793 62 
1817 1193 
84 1506 
62 142 
1193 444 
1506 739 
142 765 
444 1747 
739 1828 
765 1693 
1747 526 
1828 9 
1693 1935 
526 123 
9 1425 
1935 1929 
123 481 
1425 800 
1929 1856 
481 1867 
800 1166 
1856 804 
1867 341 
1166 421 
804 1063 
341 1882 
421 1060 
1063 1044 
1882 398 
1060 899 
1044 679 
398 1206 
899 1340 
679 160 
1206 624 
1340 960 
160 1648 
624 820 
960 1744 
1648 392 
820 811 
1744 958 
392 190 
811 1165 
958 1859 
190 1499 
1165 1510 
1859 893 
1499 113 
1510 586 
893 1315 
113 748 
586 54 
1315 68 
748 690 
54 661 
68 1545 
690 840 
661 1334 
1545 137 
840 743 
1334 536 
137 69 
743 73 
536 851 
69 1701 
73 604 
851 453 
1701 284 
604 894 
453 29 
284 501 
894 1085 
29 1849 
501 1584 
1085 706 
1849 1617 
1584 1268 
706 1057 
1617 1456 
1268 917 
1057 1702 
1456 956 
917 275 
1702 465 
956 575 
275 1897 
465 1662 
575 1353 
1897 1310 
1662 667 
1353 528 
1310 280 
667 171 
528 117 
280 1077 
171 1317 
117 1659 
1077 858 
1317 543 
1659 454 
858 1865 
543 296 
454 442 
1865 1444 
296 1042 
442 929 
1444 88 
1042 185 
929 670 
88 1619 
185 567 
670 1740 
1619 996 
567 555 
1740 898 
996 1771 
555 1892 
898 1794 
1771 1393 
1892 1230 
1794 259 
1393 1926 
1230 1555 
259 945 
1926 1410 
1555 339 
945 1852 
1410 1823 
339 1878 
1852 1799 
1823 732 
1878 214 
1799 884 
732 1717 
214 475 
884 972 
1717 348 
475 1162 
972 1905 
348 1985 
1162 600 
1905 1755 
1985 1997 
600 1560 
1755 865 
1997 1896 
1560 1288 
865 1062 
1896 784 
1288 694 
1062 468 
784 1910 
694 1117 
468 1497 
1910 1513 
1117 1848 
1497 273 
1513 1263 
1848 1637 
273 476 
1263 410 
1637 627 
476 1919 
410 1083 
627 938 
1919 1594 
1083 1082 
938 1564 
1594 1293 
1082 1387 
1564 593 
1293 1483 
1387 22 
593 303 
1483 1756 
22 926 
303 1479 
1756 1346 
926 995 
1479 957 
1346 324 
995 535 
957 620 
324 1533 
535 967 
620 904 
1533 212 
967 494 
904 1035 
212 1349 
494 686 
1035 1815 
1349 1899 
686 834 
1815 1708 
1899 524 
834 621 
1708 968 
524 1160 
621 1962 
968 230 
1160 1514 
1962 86 
230 1222 
1514 1377 
86 1412 
1222 193 
1377 1515 
1412 1843 
193 1927 
1515 1244 
1843 928 
1927 876 
1244 642 
928 502 
876 1689 
642 1721 
502 1568 
1689 828 
1721 1343 
1568 1542 
828 1236 
1343 1527 
1542 1766 
1236 1532 
1527 118 
1766 40 
1532 420 
118 1175 
40 542 
420 393 
1175 1305 
542 417 
393 1258 
1305 1241 
417 1020 
1258 832 
1241 1216 
1020 252 
832 1906 
1216 822 
252 1641 
1906 1399 
822 1307 
1641 1974 
1399 1047 
1307 1475 
1974 1337 
1047 1467 
1475 1235 
1337 717 
1467 1228 
1235 1779 
717 1269 
1228 1936 
1779 208 
1269 295 
1936 1031 
208 571 
295 1262 
1031 635 
571 155 
1262 445 
635 95 
155 1768 
445 1525 
95 1948 
1768 659 
1525 345 
1948 164 
659 1131 
345 579 
164 356 
1131 418 
579 1058 
356 648 
418 1376 
1058 1116 
648 246 
1376 1761 
1116 774 
246 1074 
1761 1037 
774 381 
1074 448 
1037 92 
381 1050 
448 1487 
92 1163 
1050 6 
1487 413 
1163 1574 
6 30 
413 794 
1574 179 
30 157 
794 1964 
179 397 
157 549 
1964 1358 
397 466 
549 1401 
1358 1445 
466 1792 
1401 1965 
1445 1201 
1792 1728 
1965 1327 
1201 1120 
1728 1079 
1327 935 
1120 1321 
1079 1243 
935 64 
1321 1249 
1243 1788 
64 1247 
1249 7 
1788 1840 
1247 1550 
7 877 
1840 100 
1550 614 
877 507 
100 321 
614 299 
507 316 
321 1908 
299 17 
316 1450 
1908 1129 
17 500 
1450 689 
1129 1097 
500 697 
689 1810 
1097 1312 
697 1592 
1810 1663 
1312 94 
1592 1124 
1663 1993 
94 1452 
1124 999 
1993 344 
1452 1344 
999 104 
344 162 
1344 35 
104 578 
162 1134 
35 256 
578 1073 
1134 1053 
256 646 
1073 1443 
1053 615 
646 373 
1443 1142 
615 389 
373 1174 
1142 1802 
389 980 
1174 308 
1802 207 
980 459 
308 749 
207 640 
459 1813 
749 1522 
640 122 
1813 407 
1522 521 
122 859 
407 1945 
521 1914 
859 1570 
1945 375 
1914 1821 
1570 1938 
375 1789 
1821 799 
1938 32 
1789 1682 
799 1032 
32 53 
1682 1170 
1032 1958 
53 1727 
1170 1369 
1958 75 
1727 1612 
1369 1791 
75 333 
1612 1362 
1791 1567 
333 106 
1362 72 
1567 1318 
106 131 
72 1214 
1318 1299 
131 364 
1214 1271 
1299 1276 
364 1303 
1271 221 
1276 278 
1303 998 
221 714 
278 1364 
998 1309 
714 1953 
1364 349 
1309 479 
1953 878 
349 892 
479 854 
878 1845 
892 248 
854 1204 
1845 1745 
248 55 
1204 616 
1745 808 
55 1194 
616 1331 
808 129 
1194 1706 
1331 514 
129 143 
1706 531 
514 493 
143 1860 
531 427 
493 1534 
1860 812 
427 163 
1534 11 
812 1306 
163 1620 
11 1090 
1306 1461 
1620 107 
1090 265 
1461 1883 
107 227 
265 1650 
1883 306 
227 290 
1650 226 
306 1879 
290 1796 
226 790 
1879 1685 
1796 707 
790 1600 
1685 1809 
707 170 
1600 1777 
1809 1017 
170 681 
1777 154 
1017 387 
681 440 
154 589 
387 949 
440 770 
589 1041 
949 1414 
770 1254 
1041 923 
1414 1687 
1254 1088 
923 1272 
1687 1250 
1088 987 
1272 141 
1250 1351 
987 934 
141 1539 
1351 1729 
934 318 
1539 810 
1729 1109 
318 538 
810 1562 
1109 1103 
538 149 
1562 988 
1103 353 
149 803 
988 728 
353 1582 
803 719 
728 1783 
1582 63 
719 1553 
1783 1509 
63 428 
1553 1992 
1509 102 
428 1110 
1992 1610 
102 80 
1110 1356 
1610 1776 
80 1005 
1356 203 
1776 180 
1005 33 
203 643 
180 1825 
33 825 
643 1183 
1825 1915 
825 683 
1183 985 
1915 1718 
683 1207 
985 1304 
1718 909 
1207 1400 
1304 1748 
909 488 
1400 767 
1748 1697 
488 128 
767 1039 
1697 634 
128 1314 
1039 722 
634 36 
1314 1598 
722 112 
36 424 
1598 368 
112 1589 
424 1668 
368 569 
1589 487 
1668 1838 
569 1614 
487 352 
1838 1328 
1614 1615 
352 922 
1328 1643 
1615 52 
922 974 
1643 23 
52 547 
974 1975 
23 1547 
547 944 
1975 721 
1547 1907 
944 287 
721 240 
1907 577 
287 1805 
240 1302 
577 932 
1805 176 
1302 1348 
932 1930 
176 1603 
1348 1004 
1930 1067 
1603 1665 
1004 21 
1067 460 
1665 652 
21 1143 
460 1644 
652 291 
1143 1518 
1644 785 
291 729 
1518 1273 
785 1257 
729 1089 
1273 595 
1257 250 
1089 1590 
595 1021 
250 1266 
1590 561 
1021 1372 
1266 1576 
561 1374 
1372 1991 
1576 510 
1374 1322 
1991 1316 
510 1577 
1322 1380 
1316 625 
1577 1468 
1380 1858 
625 631 
1468 1618 
1858 56 
631 1488 
1618 1141 
56 606 
1488 231 
1141 1112 
606 127 
231 815 
1112 1457 
127 1678 
815 1709 
1457 1628 
1678 734 
1709 1891 
1628 959 
734 343 
1891 710 
959 422 
343 735 
710 439 
422 724 
735 873 
439 1408 
724 829 
873 704 
1408 1169 
829 1972 
704 842 
1169 1660 
1972 1807 
842 1524 
1660 1153 
1807 1038 
1524 1025 
1153 1418 
1038 1180 
1025 875 
1418 37 
1180 1639 
875 1988 
37 242 
1639 1389 
1988 1786 
242 1338 
1389 1863 
1786 545 
1338 268 
1863 1104 
545 1139 
268 565 
1104 360 
1139 1963 
565 270 
360 906 
1963 1591 
270 1052 
906 1611 
1591 1811 
1052 286 
1611 4 
1811 1888 
286 990 
4 1448 
1888 1563 
990 503 
1448 1191 
1563 1382 
503 525 
1191 1178 
1382 823 
525 836 
1178 490 
823 455 
836 279 
490 1147 
455 1061 
279 1462 
1147 1187 
1061 1280 
1462 1406 
1187 1504 
1280 188 
1406 1519 
1504 108 
188 1470 
1519 597 
108 330 
1470 388 
597 527 
330 1940 
388 882 
527 1463 
1940 1586 
882 1759 
1463 1352 
1586 247 
1759 1482 
1352 1583 
247 1816 
1482 903 
1583 1051 
1816 856 
903 795 
1051 1722 
856 766 
795 1983 
1722 1342 
766 1758 
1983 1808 
1342 1215 
1758 243 
1808 993 
1215 1264 
243 1411 
993 1281 
1264 1847 
1411 1885 
1281 13 
1847 1924 
1885 1248 
13 258 
1924 217 
1248 98 
258 326 
217 135 
98 1274 
326 1190 
135 1024 
1274 43 
1190 1069 
1024 1625 
43 1209 
1069 1229 
1625 1354 
1209 1921 
1229 1055 
1354 977 
1921 1850 
1055 283 
977 267 
1850 1172 
283 1148 
267 1770 
1172 522 
1148 1398 
1770 1640 
522 1360 
1398 110 
1640 483 
1360 1294 
110 1464 
483 1720 
1294 1538 
1464 1699 
1720 1971 
1538 568 
1699 436 
1971 1022 
568 1065 
436 580 
1022 1126 
1065 573 
580 498 
1126 463 
573 1431 
498 654 
463 1784 
1431 61 
654 1494 
1784 1224 
61 1395 
1494 1441 
1224 752 
1395 1651 
1441 1508 
752 1739 
1651 907 
1508 1424 
1739 116 
907 1404 
1424 1946 
116 1423 
1404 332 
1946 1626 
1423 374 
332 711 
1626 1690 
374 1135 
711 1627 
1690 1465 
1135 1240 
1627 301 
1465 1477 
1240 1490 
301 1580 
1477 1774 
1490 319 
1580 66 
1774 315 
319 992 
66 1546 
315 943 
992 372 
1546 557 
943 67 
372 1498 
557 533 
67 581 
1498 1225 
533 677 
581 560 
1225 1959 
677 408 
560 1624 
1959 1161 
408 1746 
1624 1234 
1161 357 
1746 1385 
1234 1602 
357 1834 
1385 1332 
1602 1894 
1834 1787 
1332 603 
1894 1705 
1787 850 
603 1478 
1705 1481 
850 1220 
1478 307 
1481 496 
1220 1872 
307 650 
496 1115 
1872 187 
650 1434 
1115 1416 
187 337 
1434 1839 
1416 792 
337 782 
1839 1232 
792 1714 
782 1013 
1232 887 
1714 1782 
1013 25 
887 1647 
1782 948 
25 1636 
1647 1430 
948 1359 
1636 431 
1430 249 
1359 971 
431 736 
249 201 
971 10 
736 8 
201 57 
10 1596 
8 1330 
57 1177 
1596 235 
1330 161 
1177 390 
235 574 
161 46 
390 986 
574 768 
46 1737 
986 262 
768 1202 
1737 676 
262 1009 
1202 1094 
676 244 
1009 1154 
1094 1101 
244 1212 
1154 1111 
1101 12 
1212 753 
1111 1347 
12 761 
753 1923 
1347 281 
761 592 
1923 1956 
281 237 
592 991 
1956 1295 
237 115 
991 70 
1295 537 
115 1503 
70 964 
537 588 
1503 1698 
964 1684 
588 587 
1698 1397 
1684 1520 
587 426 
1397 1000 
1520 1692 
426 1757 
1000 183 
1692 1735 
1757 950 
183 1990 
1735 628 
950 1245 
1990 1806 
628 630 
1245 705 
1806 776 
630 1392 
705 745 
776 1075 
1392 473 
745 1054 
1075 518 
473 1767 
1054 1642 
518 60 
1767 947 
1642 572 
60 1227 
947 1989 
572 869 
1227 334 
1989 1540 
869 1751 
334 1323 
1540 1593 
1751 780 
1323 1308 
1593 978 
780 1575 
1308 1646 
978 377 
1575 983 
1646 1730 
377 1048 
983 1732 
1730 144 
1048 91 
1732 1114 
144 1182 
91 302 
1114 844 
1182 1010 
302 1489 
844 691 
1010 497 
1489 602 
691 954 
497 205 
602 731 
954 437 
205 1473 
731 1523 
437 576 
1473 1842 
1523 1877 
576 1556 
1842 253 
1877 1874 
1556 425 
253 970 
1874 50 
425 109 
970 1760 
50 684 
109 403 
1760 1943 
684 297 
403 1917 
1943 727 
297 1911 
1917 1402 
727 119 
1911 1133 
1402 472 
119 1270 
1133 1552 
472 777 
1270 1419 
1552 274 
777 1754 
1419 529 
274 1091 
1754 159 
529 738 
1091 447 
159 1164 
738 1188 
447 505 
1164 1378 
1188 1954 
505 819 
1378 1691 
1954 1629 
819 232 
1691 263 
1629 1942 
232 1950 
263 1772 
1942 1955 
1950 1902 
1772 1571 
1955 335 
1902 562 
1571 182 
335 1007 
562 523 
182 229 
1007 365 
523 1918 
229 1156 
365 261 
1918 1501 
1156 1999 
261 558 
1501 1253 
1999 1150 
558 1350 
1253 222 
1150 1277 
1350 1656 
222 1866 
1277 720 
1656 19 
1866 451 
720 955 
19 1664 
451 1824 
955 489 
1664 81 
1824 863 
489 843 
81 1951 
863 671 
843 1086 
1951 610 
671 1606 
1086 946 
610 1635 
1606 1711 
946 1420 
1635 1977 
1711 663 
1420 1015 
1977 158 
663 121 
1015 1439 
158 1778 
121 651 
1439 1260 
1778 1548 
651 1736 
1260 1289 
1548 1099 
1736 759 
1289 434 
1099 1670 
759 1854 
434 1105 
1670 197 
1854 981 
1105 585 
197 539 
981 379 
585 1149 
539 751 
379 1223 
1149 469 
751 1368 
1223 772 
469 1675 
1368 225 
772 1764 
1675 809 
225 300 
1764 1798 
809 1812 
300 1282 
1798 1507 
1812 660 
1282 1027 
1507 1447 
660 382 
1027 1526 
1447 509 
382 515 
1526 1931 
509 1933 
515 285 
1931 658 
1933 1001 
285 1531 
658 709 
1001 1367 
1531 192 
709 1286 
1367 1967 
192 613 
1286 973 
1967 813 
613 910 
973 997 
813 405 
910 1939 
997 1259 
405 1127 
1939 1903 
1259 1895 
1127 432 
1903 189 
1895 1366 
432 1889 
189 849 
1366 969 
1889 716 
849 1912 
969 1080 
716 105 
1912 1901 
1080 1185 
105 584 
1901 657 
1185 1140 
584 1537 
657 605 
1140 1078 
1537 818 
605 1790 
1078 239 
818 292 
1790 1335 
239 1922 
292 639 
1335 1203 
1922 1970 
639 310 
1203 821 
1970 215 
310 1019 
821 1544 
215 136 
1019 1373 
1544 289 
136 852 
1373 1096 
289 696 
852 1205 
1096 395 
696 429 
1205 85 
395 563 
429 1155 
85 1125 
563 93 
1155 169 
1125 1076 
93 1278 
169 74 
1076 394 
1278 1287 
74 1098 
394 1561 
1287 1893 
1098 1370 
1561 1604 
1893 951 
1370 1107 
1604 1407 
951 1168 
1107 1559 
1407 757 
1168 210 
1559 1136 
757 773 
210 1311 
1136 1608 
773 495 
1311 1028 
1608 701 
495 65 
1028 423 
701 880 
65 1616 
423 1980 
880 31 
1616 1043 
1980 921 
31 1984 
1043 1868 
921 1325 
1984 165 
1868 1631 
1325 1941 
165 931 
1631 1634 
1941 1195 
931 1238 
1634 305 
1195 764 
1238 1137 
305 1960 
764 1516 
1137 540 
1960 1179 
354 1036 
