1911
2062
2298
3456
742
497
2005
1199
2751
359
862
3668
3667
2709
208
1277
1204
1375
1969
2718
1623
2960
1726
19
1739
2316
1753
2780
3863
3253
2405
634
3711
2922
1521
535
162
622
3208
1891
3917
2911
325
2179
3513
2419
116
421
3332
610
3318
2740
1134
397
2912
2186
467
3504
3175
2640
1943
543
1977
1215
1619
2461
3443
2258
1756
2662
2766
899
3811
3243
941
1033
3130
437
3630
498
3802
775
649
373
3736
804
2401
1406
3672
913
522
2142
2386
2178
368
2624
738
2570
1705
1927
484
2144
1828
3378
1236
1522
1810
1465
3010
1487
425
3690
1013
1940
844
2119
1516
154
2464
3261
1454
40
46
3975
1245
3053
2466
2693
3688
989
377
2580
3928
625
3067
3074
191
1961
2547
3739
318
1181
3398
3159
3414
1438
1681
1905
3768
2403
1509
2149
3014
3950
287
254
1639
1111
1519
257
1494
3525
3750
2656
2283
2244
2838
3538
1637
684
1280
3607
1802
1662
3829
2878
2937
2798
3910
2411
3385
172
1270
3428
1026
1174
1838
1837
2063
1192
427
873
2887
2813
3344
2214
2444
2863
2904
2022
2147
127
1604
3156
768
1508
1889
2089
3991
1407
9
2432
852
769
2653
2782
3190
801
3271
260
1194
2793
615
2038
748
2781
618
1034
1540
3765
2134
1924
2772
2252
1093
90
1956
2571
2135
3400
17
3209
3670
3017
3007
1953
689
3580
2012
2753
3224
272
971
3460
3935
3127
3490
611
271
3177
2596
2521
513
1027
2965
7
1216
3149
2402
3476
1054
455
1025
903
2376
3702
3061
976
3008
1123
927
3084
3210
1404
981
3887
985
629
2151
2907
270
3144
2426
846
3192
1762
2025
3926
1826
1697
1334
2226
463
867
1569
2027
2559
628
244
1315
1690
3333
2809
3286
2996
1205
3086
2938
1586
2499
2235
133
1945
2436
2637
195
1223
2138
3371
2786
1504
2383
2423
1281
1008
3255
924
236
1350
1688
954
1170
322
1675
2297
2092
3932
2894
1456
2923
1809
859
1600
2053
1470
2395
3634
2219
3063
1746
2194
2166
492
3001
3247
280
1532
2742
184
3866
1340
3168
3631
3656
2737
3903
1723
3731
3583
1995
3131
1264
1479
470
1373
1751
2731
1597
2304
770
1075
2384
2568
413
2518
1823
2341
711
2280
2163
2358
2099
2515
737
1691
2170
3639
1609
3564
886
3104
3218
3782
358
3744
2573
3662
1137
1005
3826
2821
3958
1477
3999
565
3942
187
1105
568
2504
2803
360
2711
3724
2473
1747
227
3703
2720
3338
3200
1871
2470
2300
838
638
1232
2289
1575
528
2013
2131
2924
3527
796
2438
45
2677
3304
1642
1178
2606
264
3462
2603
1709
103
3135
3062
864
1992
1971
3821
409
74
1781
898
3093
1598
10
3091
1645
1295
3282
1092
2990
1814
3273
3188
2469
1028
1719
1495
2233
2884
727
2143
3264
1437
1734
240
2429
1913
1241
2910
2256
1921
935
551
650
259
2173
1571
3299
2295
2760
3477
3217
710
2673
370
1226
871
2971
3422
111
2626
3171
493
1484
3557
3240
1583
2427
1682
1474
2792
306
3291
517
599
510
1914
115
230
2445
701
3379
1669
1439
2646
2955
2105
668
1078
3998
686
385
787
141
1936
3389
938
3276
1467
2015
3526
3528
563
2652
3845
3636
2514
2901
2844
2788
2152
454
2066
3647
1410
3629
2102
1098
333
3360
1830
2098
2900
3250
2313
106
3505
1058
2659
653
580
73
137
3663
223
3341
450
2930
2812
1767
3686
3849
3457
2262
607
1741
1189
797
345
3198
2084
2807
1227
186
1401
310
1440
1246
3665
1384
3138
2771
1822
1769
176
2078
3459
3892
20
1417
3920
1710
550
1116
582
3489
2654
3604
2309
434
3494
3364
2493
1267
3796
2357
1148
3994
2286
3787
3108
1841
77
3872
2487
2934
1082
3137
2343
458
760
1413
1004
2107
250
100
833
2231
2770
3045
3643
3307
1065
731
3558
1346
2617
956
788
400
688
2968
1328
1546
1252
3969
1143
2019
2629
1493
1568
3235
2854
1857
2958
1451
696
2387
1836
3514
1338
671
2127
3352
3470
3585
319
1816
3316
3117
3792
375
3531
3878
3329
2799
2858
1535
693
741
2312
59
3649
371
382
3603
1114
3880
3549
2023
2338
1764
3349
3520
71
2717
3864
3977
3112
2404
2279
2591
1798
3003
3143
2271
1002
1590
104
1785
135
2150
2433
1279
2536
991
3173
750
3376
2308
2992
3536
2213
1262
2326
496
1867
2185
636
601
2555
3205
472
687
1960
2995
3425
3799
2797
3382
3590
632
479
2365
140
1791
61
2638
2488
411
234
1097
1403
3605
1217
3904
720
1472
1678
2943
28
42
3522
3306
2069
2694
478
1463
143
1214
448
86
2502
3145
2273
3199
1947
2046
3079
289
2820
3763
2632
3004
3197
3599
722
1539
2553
3695
308
614
3215
1981
3978
3683
1380
3083
2108
2811
1036
3488
2614
919
423
1849
1445
206
2368
3027
2428
664
3565
1029
43
818
1748
1293
3534
1527
1278
3553
3896
3346
1910
2391
776
1144
2121
3302
2331
298
2950
2810
3427
964
3939
328
246
2158
3632
1060
1970
2010
3600
3842
1761
3740
1366
1307
1016
1979
3147
401
3277
2758
3274
3511
351
973
3959
3219
2777
591
3971
1942
1397
558
1432
845
698
2396
2874
3331
3644
2567
2645
509
2850
3933
1106
2270
967
2095
194
1801
3041
866
1039
934
2932
1770
276
1320
153
2817
1286
1079
3658
877
2886
2905
2957
3611
1864
1160
2940
1991
3919
3563
659
147
2533
1545
3464
2892
23
2713
1030
1818
2549
1218
2763
944
2676
1592
3729
1897
1870
3126
2223
736
3756
1084
3890
3125
2136
2418
1187
1014
1695
3987
3617
1811
305
957
3664
656
3652
2398
3925
2263
1579
2674
3954
2184
3256
751
576
1618
3029
2076
2369
1140
2246
3033
3757
2218
83
2862
3234
3965
1978
3118
1807
1127
958
2877
2255
1356
943
2230
3770
1937
1067
3018
1103
896
1238
526
3436
3516
557
1198
220
146
2188
2848
129
92
2528
3814
66
1087
1954
2172
422
1656
2678
1195
965
642
301
209
1500
2747
980
3129
1869
1621
2074
3260
1735
3957
22
2210
3947
670
1275
1412
1730
126
3073
3435
763
2529
692
2191
3839
1363
1068
1064
1071
1574
177
2790
810
2087
3193
887
2839
2588
683
1817
2118
2979
3774
1458
2722
2265
3941
340
2913
3289
2009
963
3123
2715
2977
2111
1563
3929
3047
3655
3952
188
2598
1385
1268
1797
1021
2861
518
1409
2679
966
1173
541
1237
3720
1041
530
619
921
1794
381
192
3675
1955
3368
356
3848
2560
578
2224
1081
1885
2819
3989
2537
296
826
3596
464
119
746
428
1725
1974
977
1749
507
2872
1729
1824
3225
824
2035
525
2182
1096
666
2457
1408
3827
3421
1999
2539
1518
3071
1922
1382
2823
1982
2080
1985
1965
1792
1141
1234
3728
2190
3853
2650
3179
1774
1133
2197
3751
1066
480
1374
1567
3367
2348
1784
4000
27
2756
1420
3835
547
1558
3268
2519
1881
2222
3263
1655
3692
3248
3645
1636
1207
674
2336
2945
265
1531
2765
3697
3653
993
290
2302
939
1876
3182
1605
1661
303
2532
1980
300
2198
3833
3394
3450
1683
3172
366
3237
3355
1899
960
2460
3417
3877
800
2660
3116
2049
407
1827
714
717
3278
3152
2278
2478
1595
1963
3449
3773
32
2627
1429
604
3134
110
145
3451
2043
3646
2929
1157
1186
3626
1146
945
651
1475
1329
503
2001
2030
1537
2413
912
3405
3487
1653
572
841
3351
3252
2978
1393
1377
792
1529
3996
3095
616
53
1102
443
1584
3369
2734
312
89
1933
1371
3362
1038
3232
249
49
3482
56
2305
1895
2779
3297
3146
1258
3499
2261
3680
82
573
3588
1179
2672
1654
2199
2630
3797
3418
2175
3211
3399
151
2165
3871
1083
3372
1009
2503
67
624
2494
3700
11
255
3798
2665
950
1172
588
2381
772
1776
3638
2826
2306
2037
1243
1260
2554
942
3478
902
2505
1976
2931
3446
2415
1887
2294
311
1347
3317
2352
98
2479
3968
2103
1052
1744
2840
889
483
3119
1908
2133
2988
1588
1061
3013
3267
2393
487
3721
144
2042
1676
2847
3491
3484
1228
536
2859
2998
2390
673
3858
96
54
3507
3912
728
1996
1348
869
1577
1269
1599
1121
752
3682
245
790
3327
3059
2385
3300
929
3990
3931
3988
2123
1193
504
799
2818
531
3569
461
2011
1854
118
1210
2594
1015
442
2299
3803
1056
3272
3637
418
1883
334
1777
3813
1658
962
432
396
3502
3415
3075
697
101
1542
3403
339
3064
438
765
1339
1851
2465
892
2691
851
99
109
2733
2564
832
16
440
2726
1043
1513
1156
1261
603
1581
2846
617
2277
1335
3589
3471
1633
3407
840
2612
1355
346
3413
2750
1414
313
2628
349
1441
3040
1505
435
447
1490
2635
3042
1674
3034
2477
520
1129
341
1131
2394
2375
1392
1659
3732
2517
1946
2355
2935
3077
2993
1594
669
1197
2073
3121
767
460
3054
635
2692
3518
2054
2481
3226
1376
868
1708
1444
1773
1478
3542
1085
1104
2072
1906
1318
2789
906
2864
266
226
1379
122
297
947
3452
3956
2431
3437
1213
1919
574
3785
593
2903
658
1684
1259
451
1775
521
2661
1846
203
1635
1231
740
1863
1952
1880
2891
278
417
885
1265
132
3103
1925
872
793
131
3473
357
1541
2495
1939
232
3133
239
2267
2216
2833
2259
679
1491
2889
2168
1772
193
3107
3693
29
403
1707
987
138
3995
228
695
2075
571
3021
3377
3384
1989
2330
3336
3363
2248
560
707
3621
3578
1625
1229
2948
352
3886
1120
3150
704
2206
1993
1534
1177
207
3356
414
2909
3841
823
718
1324
2132
3124
2762
491
3028
1962
3269
681
205
3934
3099
3800
951
2094
231
734
3560
3602
544
2480
2221
3524
63
2989
1424
1012
1547
3510
404
3229
3386
2228
3162
665
3748
2275
2584
733
2346
2523
3911
330
3390
1162
2613
3706
2474
3290
1284
2400
1433
3397
3772
982
1006
2141
2552
2422
2006
108
1351
600
3755
2447
473
2382
2530
159
2064
490
70
3474
1132
2600
3279
3453
1175
1686
2354
3340
1903
1046
179
251
1473
501
1987
402
1668
1514
1994
2327
1312
3009
3584
743
3742
3244
949
1208
2561
807
2371
562
1301
3164
2061
2508
1752
499
1225
2579
1874
1644
1615
879
1211
828
555
1139
2641
3948
1983
1957
2349
267
1271
3181
3114
1572
2926
667
3155
72
3539
3380
3780
3898
2918
774
2976
2577
1716
1313
2941
1990
3037
3206
1663
2036
2999
641
2285
2112
2303
3174
2139
3424
3598
3396
3323
2527
621
2551
2455
3828
3902
238
1759
2104
2014
3373
959
3812
909
1142
1119
3287
806
1282
2681
3454
167
1856
3501
3141
2609
445
2883
3212
1499
288
1507
3214
1423
199
1768
2615
62
890
317
274
2680
3342
1159
3203
1934
1276
2791
992
1050
1687
2658
3661
1720
2667
2700
