2017
118754
53617
216399
141392
127937
24858
103218
127895
53405
175692
41054
69028
155047
35468
54419
110504
199566
120545
215562
58742
155099
154607
19900
165145
24402
165222
212642
10400
134783
113519
151133
174852
31084
111709
143212
161751
150541
61821
96190
184946
170724
206178
95365
176660
127538
78395
101116
116976
22796
172322
117753
37297
191922
182432
103955
192139
197332
41162
216333
124391
180877
230461
62500
84698
80523
33435
94624
63540
51525
85775
224496
171376
149555
10806
37621
78054
182202
91063
76424
80244
114463
140982
74388
86895
60553
179385
45780
44866
135385
65855
2288
168459
217487
6628
100547
195469
53243
195922
656
231569
165412
70689
92889
76105
102770
18740
7571
62717
154077
176045
203174
152326
136427
54039
211917
73744
16878
98344
39401
163148
151064
207034
154462
39846
34764
96141
226184
162001
53219
111702
125225
37752
35700
188627
87821
197963
225557
210884
232033
4887
21587
26071
49540
121694
201371
230620
115777
172955
153281
115230
191356
175978
216678
115215
159868
55384
142380
57892
90336
192208
51677
11312
78670
186155
186044
121263
14484
102525
220351
113747
115660
189029
100916
231525
189975
217658
179216
46765
155978
36283
214505
231199
175365
182308
94891
92146
231460
36492
48857
29716
157140
146763
152446
72924
75646
223231
94790
91643
34857
244
26700
129668
169342
123070
45774
205213
78498
25005
86478
123813
200679
174603
22573
59887
143884
161023
207336
231070
58305
94138
116300
189583
157773
119532
115769
94580
34314
37637
75816
99824
231855
193859
119800
153842
4550
6240
100028
66547
76532
14873
12363
188581
145268
127887
123388
131046
124288
128729
8497
47340
226187
128584
166008
3772
197639
21249
143456
144335
82684
130316
212560
142122
181797
52136
94871
21061
152670
38786
65030
73763
85692
28703
168284
49040
25756
32699
146724
204822
161191
5091
214087
48383
7499
164708
177051
223945
81315
139889
66369
66376
189679
208687
11924
106048
171505
18185
44248
109072
26064
79465
58665
187419
215883
8480
34651
8640
141563
32008
75132
47365
229919
21590
126413
45217
25533
95361
74433
25306
231746
221487
103212
164454
119860
141594
91395
97001
223092
136664
135008
224352
227236
75660
81478
76207
223612
125603
133164
3088
12894
19295
105952
69468
148940
43955
175078
58764
168942
1361
226124
172058
88998
86430
108005
228750
188960
28012
58392
43750
138526
41828
125934
81261
84933
132871
83579
221729
138343
138132
195584
52175
90958
173543
91071
43599
75211
203914
26681
193916
63632
40941
111976
231696
144950
25590
221277
181415
107626
76666
148360
209126
202826
217335
159866
85185
178239
43657
61805
186214
120890
154506
197968
181145
74165
213992
221589
121789
74542
229910
186620
219710
202582
160710
48515
206782
221154
72753
39844
106254
131385
73463
229066
2
69691
144486
149568
11002
176708
107900
42928
8114
37428
221003
146547
11167
77643
32231
38495
175880
160473
220724
209901
74181
131051
155504
83964
125066
127651
66662
216439
111687
169495
192636
160355
220384
101160
176508
201654
83490
37640
32790
97896
64831
94498
68000
169098
195351
191780
184869
207507
217980
130878
150537
89077
17793
170928
12709
185040
80490
61339
145799
91311
1192
54548
163958
201856
151256
196821
225455
68650
89213
72365
167278
106545
115170
83293
136022
100136
37309
9263
128777
31747
8066
50718
136026
216847
80785
61309
154067
164939
170501
183340
115178
227536
206614
98442
229382
84594
223282
170802
46470
29977
47660
143002
162200
227354
141667
189226
90410
21735
187902
54069
115030
55170
12713
39641
130441
170239
176369
189757
30752
14025
28899
5879
105961
107502
28194
48480
191380
7235
23614
51120
59364
207443
22389
74781
163409
215399
45264
213082
131337
44719
216221
115233
83169
171072
78567
204593
22214
197121
206336
205204
4381
206800
22383
209264
199106
153905
111638
97208
187033
225334
115687
119315
78440
92102
123414
85358
133117
74170
12122
203549
108474
4771
113332
67479
17237
83825
37478
153872
191270
95917
208773
60296
142641
110015
128612
163061
199534
149140
134631
85122
78052
209783
169895
86413
174554
180624
79781
37842
138955
91549
86008
29931
166731
92528
86025
192881
180484
33222
9126
42231
100330
83636
17205
9598
206631
223626
130331
7954
135336
72080
9687
68608
128289
185059
69174
10393
50128
212634
176821
54131
204155
162395
121843
119207
46991
223880
95423
48969
181295
2779
92256
191829
124853
111478
182120
36356
70158
156546
143258
67050
64986
67581
138756
161900
70519
170221
32030
6982
55531
141779
42978
142199
38185
57120
56863
19215
89944
7931
103840
50755
50177
156937
37808
152408
37061
54473
123509
62514
223504
140533
117744
82676
157138
133953
112108
136776
36321
15092
53728
105154
53372
202727
56912
58880
27430
135078
224833
221197
8736
112298
221632
35547
214926
53829
161298
13202
143732
96946
71207
172712
166301
137071
165350
198035
126607
25123
36529
100177
214426
70739
45490
161532
216618
74633
161165
1634
202206
37999
133474
52582
189827
80209
149090
180933
82107
124062
130527
212398
112237
202561
24256
73073
40773
215609
185156
129190
4780
32403
55882
156915
9149
186604
182705
159163
2803
92220
41654
193359
36977
233092
99613
36378
162534
109935
169203
90428
152669
195711
70597
108955
218049
137795
164387
83136
114072
178455
107541
45998
190782
190522
126313
45277
165250
73117
7742
184782
169232
229101
42072
31079
229490
195736
203255
31814
208743
107228
123508
153298
131257
214472
209116
198245
128434
85660
17832
140310
211160
192198
225946
158699
179617
94965
206367
185648
222317
156960
89135
68300
157522
223243
203780
43498
229702
20223
158430
167767
213349
16627
108053
11769
18122
149604
168989
76461
196983
13936
9883
211282
35070
23836
110589
97229
127494
15188
210804
66196
221480
83883
67696
157839
36413
109039
147214
2113
219479
32340
87884
230072
75033
77862
203047
16545
224764
137925
122270
39002
168475
1633
185497
52020
218564
2969
166492
153060
75099
128854
215843
63995
212446
146625
32850
79223
200732
12184
186055
97091
192670
103561
503
11740
90884
120136
35513
145280
131156
6734
105676
92428
58687
66073
181129
94707
19157
88116
19742
85271
52535
95764
56085
44285
151205
105481
129746
230239
18388
195822
16706
208013
107439
71434
151387
223732
158558
159486
227586
98914
61200
168937
220203
210436
104250
101352
14682
71580
8031
16014
204530
22164
78850
141753
103546
29257
41063
6636
150334
32414
55240
63285
154624
145172
93976
181125
159243
7436
166291
178459
44178
88104
64502
216
40905
51188
25424
62880
118963
78951
125948
182714
116814
139348
223914
86347
222859
183404
162542
77598
129661
122373
125637
163928
40046
123436
186450
186402
188366
949
122545
226944
112164
78439
85203
213897
148487
168502
178413
180298
13777
93050
146985
199625
137968
169571
34971
124347
182329
138428
46513
106044
7225
200619
128096
29779
180505
14136
159406
13445
185205
86371
127015
228087
32884
104721
150193
175498
74592
180070
170934
205131
179605
17276
134227
139911
215384
125461
43024
23417
96877
210908
86651
38795
91869
41378
67276
210316
59149
213549
210267
114092
128529
68451
142578
153366
150103
398
86924
11598
131104
134942
210425
181618
77967
167787
57495
181296
177941
172076
133370
116250
19375
200828
47850
192141
161871
110534
228158
94821
36672
145744
18959
116359
44261
122637
40740
153305
151871
78941
126188
31552
81566
198374
154659
124083
80492
78544
29046
34586
173303
58797
46532
58261
60097
150066
22672
67857
222552
101970
41987
57124
33340
41610
28261
109108
81398
81529
55721
172984
15918
120992
179538
71742
202620
85265
79653
42548
71343
39599
177202
216163
77582
84971
173042
37099
38092
17603
181168
229979
8326
40442
114027
173997
209183
154993
155838
188282
166752
83620
195294
88200
16287
66977
185149
99217
70043
192499
95898
145450
177405
76260
178797
194399
219291
58628
220520
81679
114552
199156
42938
195198
224682
52160
138918
90113
157329
188294
38178
13105
48824
27228
45499
65905
6435
46612
37235
39914
165722
210794
169438
68975
195693
155643
115339
48610
217378
18482
20785
108697
143941
62933
210067
54951
89989
10611
109716
107028
225462
6403
142065
199541
230013
211390
51716
9268
144262
167831
157133
190295
51224
97527
13987
198965
22284
111986
198637
192752
121979
211822
67452
12010
233287
73626
45528
188988
133724
207242
159232
215777
208652
82829
198699
44096
186878
55914
49991
59011
192488
220607
141616
62125
154482
141804
193675
123695
114498
132570
130881
88926
112147
219741
121337
79510
15791
95297
131251
52425
7076
11499
142683
40289
129239
23031
117325
186003
85727
72129
216264
176441
212935
210713
11491
80053
197403
122187
210641
185005
191420
176864
142023
229238
219275
222008
138666
182069
102200
193651
29819
80233
117874
19313
36889
21427
79609
168916
194108
11214
144062
212148
183670
135172
150128
136759
45715
136224
145202
124497
73727
113149
110406
8874
208382
157031
188382
119159
188842
221229
80302
119037
193214
8845
199080
90716
171744
204424
158843
63136
70419
54082
204748
27361
24937
164638
18212
109858
178359
56938
104634
5124
57351
153066
55565
88977
77900
114513
69077
128841
90846
152281
21661
158284
205055
155395
141824
161876
137407
155032
149491
95784
127820
226675
196822
46505
141883
85563
101989
204533
184040
142564
178741
208174
131543
159941
173827
75196
103431
33239
178108
111202
120382
149600
164344
78793
112456
19082
198673
57397
186206
77403
178205
109899
142068
44651
228482
183586
178265
159144
34622
65035
25992
41323
149048
104459
48754
42011
52005
146978
115601
212167
207347
185939
186653
80090
129424
123685
63571
186833
104056
79627
94082
126545
190948
155225
88429
134053
66326
209297
218804
115662
105120
135302
48235
217988
3099
178931
214783
19941
146700
12108
120167
110734
209093
30251
222403
20562
105983
34328
58019
154656
56749
76770
16875
151114
91412
55713
74550
63562
56804
72173
142379
69429
175302
15891
178056
101635
227473
167942
230491
156563
44226
203687
89577
129131
225377
127330
18374
15461
198592
7100
23974
221061
190836
168117
219389
82946
117766
19794
146701
198030
150532
31143
48284
209431
70904
47061
185762
25418
121926
102962
167978
44844
102103
208803
214489
136553
136446
47867
31517
107833
208887
129545
51755
217024
115335
213761
167211
199937
223795
142344
124209
10968
203326
223441
74038
179024
217253
126537
3796
82653
77000
215351
166601
78645
94954
90865
23269
41275
13920
145234
33497
214459
160247
72079
171175
130612
213844
86965
29871
151982
144957
91696
76767
46862
143503
184525
90184
82993
57295
75809
84299
123839
170761
13607
25329
109185
232379
179234
177695
229061
83068
55665
190198
145916
83153
144674
46763
93002
29102
20908
175581
189531
191591
222855
59646
126277
112995
137343
151725
45035
29004
52919
75151
74012
110060
109324
37232
188841
159883
158992
102127
40175
101532
50197
99645
115189
150527
82228
51580
89551
124691
62392
91215
128664
203497
142887
142010
205665
30686
25552
32808
31679
158772
157412
154015
36847
117764
14614
121644
124781
207666
31899
116804
218736
41788
177628
125617
207947
153881
1186
127055
160590
194394
229427
151443
220274
219993
201297
69178
130054
199388
98755
127185
83785
119048
84013
207494
94986
116021
12647
46133
153524
157307
228121
198160
85094
142916
166700
123658
57574
127033
178476
184410
207926
171006
179567
85608
180425
182750
137202
10555
65407
193175
227417
8034
132843
57378
148139
172269
25281
110932
167749
163906
35092
46826
106118
163425
53365
27225
203395
195615
91025
195859
216872
94889
97267
3289
182692
174359
190566
148708
74014
62656
205142
65257
52807
146680
121869
217918
117105
175120
51332
217159
56512
71111
27836
157617
231325
44092
139346
89320
65749
181607
229874
89941
30824
195140
38640
50187
19161
133685
115133
147855
5949
175377
121903
208258
105601
90636
29583
13340
29083
220706
170704
8940
186538
78414
181338
211967
212763
78278
103794
130124
37784
63424
79771
7370
58651
2788
8275
70640
166541
1363
194559
167728
216353
8261
23840
163746
85032
80439
81159
43542
222708
35869
160383
71722
53332
105240
214143
1678
137786
133397
70820
62868
105092
58787
112517
226683
198919
142239
124994
193656
29507
192980
141579
76075
63208
137988
93955
192663
98132
223398
120204
164562
209342
26294
58417
130094
209545
217939
138908
81745
18287
7212
188610
142765
204556
205066
217510
21318
13416
69916
124251
126424
74947
194398
89794
144251
68316
150194
67417
84710
186139
95277
77842
96578
195035
20352
61415
85215
99758
205114
132857
41971
62402
143635
123037
89657
129927
31696
163700
219736
200639
109980
55717
122441
185550
90770
206766
16141
203997
181081
64681
11033
86224
109730
150734
193780
86503
219976
24533
99415
67394
7425
60991
101021
195475
35878
153068
72139
40898
129762
70653
132617
148375
179517
27777
125163
82451
63453
36524
43240
154438
143369
30843
23517
57785
232243
41032
210555
63432
194093
36087
109462
142523
188361
83998
31990
210890
112099
134879
28311
197648
77711
160625
64966
202819
127058
213546
192987
12424
216205
226646
122277
21437
68521
46797
135369
128779
125304
189603
174811
183175
39832
35916
92284
128027
140815
23750
209122
40845
476
171846
223616
223049
40705
167354
125043
202812
187266
115538
607
183503
232267
207509
156709
58018
121967
214796
187005
103978
93264
203836
46524
66361
105778
122980
8995
142804
167895
30893
55754
56298
175362
19284
151893
199958
26335
15834
