10
9 15865
6963 31823
24578 2946
547 31759
22866 29482
6318 30507
13827 21568
27692 940
14800 4647
1738 9753
9 11765
3265 22064
11661 7402
32040 25953
5644 31607
2719 28130
25879 25322
11208 1054
13438 16547
10263 25353
9 24439
7890 19846
6916 1515
27265 11914
10241 23064
23253 31814
13031 27732
23952 20735
568 26927
11483 32465
9 24050
32189 29251
13984 27313
22066 6913
6993 16414
27311 16766
5433 16004
3676 20502
31189 26560
29879 16668
9 23485
16221 8492
8223 5843
30204 29925
12396 27840
25593 20195
23764 17825
5963 29262
21680 26877
30892 9993
9 31267
17146 19451
18570 1437
2513 4062
14057 679
22400 171
24118 2525
3007 17033
18448 23608
2612 30418
9 27508
17296 10474
16572 11986
23646 25344
32057 20582
11462 9118
12827 10437
11477 15661
30844 31670
9223 24776
9 26206
19268 12
10733 15245
24849 2251
4729 21965
493 5544
25299 12337
32679 10242
29287 29129
7459 3840
9 19543
20353 30893
30862 3179
17734 28813
5026 2130
27242 13788
10180 6404
25930 406
17869 6278
16942 8176
9 30192
26579 12656
17899 1781
4375 28897
25897 25292
23069 25704
29183 3139
23307 8684
20429 10767
27981 29812
