41 419
1 3 1
1 4 1
1 8 1
1 9 1
1 10 1
1 11 1
1 12 1
1 15 1
1 16 1
1 17 1
1 19 1
1 20 1
1 23 1
1 24 1
1 25 1
1 26 1
1 27 1
1 29 1
1 31 1
1 34 1
1 36 1
1 39 1
2 5 1
2 8 1
2 9 1
2 11 1
2 12 1
2 15 1
2 16 1
2 19 1
2 20 1
2 22 1
2 23 1
2 24 1
2 25 1
2 26 1
2 27 1
2 30 1
2 33 1
2 35 1
2 39 1
2 40 1
3 5 1
3 6 1
3 13 1
3 14 1
3 15 1
3 16 1
3 19 1
3 21 1
3 22 1
3 24 1
3 27 1
3 28 1
3 31 1
3 32 1
3 33 1
3 35 1
3 36 1
3 37 1
3 41 1
4 5 1
4 8 1
4 10 1
4 11 1
4 12 1
4 15 1
4 16 1
4 23 1
4 25 1
4 26 1
4 27 1
4 29 1
4 33 1
4 36 1
4 39 1
4 41 1
5 7 1
5 8 1
5 10 1
5 13 1
5 14 1
5 17 1
5 18 1
5 20 1
5 21 1
5 22 1
5 24 1
5 27 1
5 29 1
5 30 1
5 34 1
5 35 1
5 36 1
5 37 1
5 39 1
5 40 1
6 8 1
6 11 1
6 12 1
6 13 1
6 15 1
6 16 1
6 17 1
6 18 1
6 19 1
6 21 1
6 25 1
6 29 1
6 30 1
6 32 1
6 34 1
6 35 1
6 36 1
6 37 1
6 41 1
7 8 1
7 9 1
7 10 1
7 12 1
7 15 1
7 17 1
7 20 1
7 22 1
7 24 1
7 25 1
7 26 1
7 28 1
7 29 1
7 30 1
7 31 1
7 32 1
7 33 1
7 35 1
7 38 1
7 41 1
8 11 1
8 12 1
8 13 1
8 15 1
8 20 1
8 21 1
8 22 1
8 23 1
8 24 1
8 26 1
8 27 1
8 28 1
8 29 1
8 31 1
8 33 1
8 34 1
8 38 1
9 15 1
9 16 1
9 17 1
9 19 1
9 20 1
9 23 1
9 24 1
9 25 1
9 26 1
9 28 1
9 29 1
9 32 1
9 34 1
9 35 1
9 36 1
9 40 1
10 12 1
10 14 1
10 15 1
10 16 1
10 18 1
10 20 1
10 21 1
10 22 1
10 23 1
10 24 1
10 25 1
10 26 1
10 30 1
10 33 1
10 35 1
10 36 1
10 37 1
10 38 1
10 40 1
10 41 1
11 17 1
11 20 1
11 22 1
11 25 1
11 26 1
11 27 1
11 29 1
11 30 1
11 32 1
11 33 1
11 35 1
11 36 1
11 37 1
11 38 1
11 39 1
12 13 1
12 19 1
12 23 1
12 24 1
12 26 1
12 28 1
12 29 1
12 34 1
12 35 1
12 37 1
12 38 1
12 39 1
12 40 1
13 17 1
13 20 1
13 22 1
13 27 1
13 28 1
13 29 1
13 31 1
13 32 1
13 33 1
13 34 1
13 35 1
13 36 1
13 37 1
13 39 1
14 15 1
14 17 1
14 20 1
14 23 1
14 26 1
14 27 1
14 28 1
14 29 1
14 31 1
14 35 1
14 36 1
14 37 1
14 39 1
14 40 1
14 41 1
15 16 1
15 23 1
15 24 1
15 26 1
15 28 1
15 29 1
15 31 1
15 33 1
15 34 1
15 35 1
15 36 1
15 38 1
15 39 1
15 41 1
16 17 1
16 18 1
16 20 1
16 23 1
16 24 1
16 26 1
16 27 1
16 28 1
16 29 1
16 31 1
16 32 1
16 33 1
16 35 1
16 39 1
17 19 1
17 20 1
17 22 1
17 24 1
17 28 1
17 29 1
17 36 1
17 38 1
17 40 1
18 19 1
18 20 1
18 21 1
18 22 1
18 24 1
18 28 1
18 29 1
18 32 1
18 35 1
18 36 1
18 37 1
18 39 1
18 40 1
19 20 1
19 21 1
19 22 1
19 24 1
19 26 1
19 27 1
19 31 1
19 32 1
19 33 1
19 36 1
19 39 1
19 40 1
20 29 1
20 30 1
20 33 1
20 35 1
20 36 1
20 40 1
21 22 1
21 24 1
21 26 1
21 27 1
21 28 1
21 30 1
21 31 1
21 32 1
21 36 1
21 38 1
21 41 1
22 25 1
22 27 1
22 28 1
22 29 1
22 35 1
22 39 1
22 40 1
22 41 1
23 25 1
23 27 1
23 29 1
23 35 1
23 36 1
23 38 1
23 39 1
23 40 1
23 41 1
24 25 1
24 27 1
24 28 1
24 30 1
24 31 1
24 32 1
24 33 1
24 34 1
24 35 1
24 36 1
25 26 1
25 27 1
25 28 1
25 30 1
25 31 1
25 34 1
25 36 1
25 38 1
25 39 1
25 41 1
26 28 1
26 31 1
26 34 1
26 35 1
26 36 1
26 39 1
26 40 1
26 41 1
27 28 1
27 33 1
27 34 1
27 41 1
28 32 1
28 33 1
28 36 1
28 38 1
29 33 1
29 34 1
29 35 1
29 37 1
29 38 1
29 40 1
29 41 1
30 33 1
30 34 1
30 36 1
30 37 1
30 38 1
30 39 1
30 40 1
31 35 1
31 37 1
31 40 1
32 34 1
32 35 1
32 38 1
32 39 1
32 40 1
33 34 1
33 35 1
33 36 1
33 37 1
33 38 1
33 40 1
34 35 1
34 37 1
35 37 1
35 38 1
35 40 1
35 41 1
36 37 1
37 40 1
37 41 1
38 39 1
38 41 1
39 41 1
40 41 1
